[gd_scene format=3 uid="uid://tty70lcdc3bb"]

[ext_resource type="PackedScene" uid="uid://chkriwpt8lgul" path="res://models/male.glb" id="1_43yty"]

[sub_resource type="CapsuleShape3D" id="CapsuleShape3D_gnbx7"]
radius = 0.018771533
height = 0.18771532

[sub_resource type="CapsuleShape3D" id="CapsuleShape3D_7xuav"]
radius = 0.041697912
height = 0.41697913

[sub_resource type="CapsuleShape3D" id="CapsuleShape3D_h18os"]
radius = 0.01038653
height = 0.1038653

[sub_resource type="CapsuleShape3D" id="CapsuleShape3D_ms5do"]
radius = 0.029951394
height = 0.29951394

[sub_resource type="CapsuleShape3D" id="CapsuleShape3D_py1jx"]
radius = 0.02848025
height = 0.2848025

[sub_resource type="CapsuleShape3D" id="CapsuleShape3D_d3d7n"]
radius = 0.029951412
height = 0.2995141

[sub_resource type="CapsuleShape3D" id="CapsuleShape3D_xfi5w"]
radius = 0.028480247
height = 0.28480247

[sub_resource type="CapsuleShape3D" id="CapsuleShape3D_e35at"]
radius = 0.039781984
height = 0.39781985

[sub_resource type="CapsuleShape3D" id="CapsuleShape3D_t7jxi"]
radius = 0.054653477
height = 0.5465348

[sub_resource type="CapsuleShape3D" id="CapsuleShape3D_yyl3h"]
radius = 0.03978199
height = 0.3978199

[sub_resource type="CapsuleShape3D" id="CapsuleShape3D_sn6qd"]
radius = 0.054653466
height = 0.54653466

[node name="male" unique_id=2005752940 instance=ExtResource("1_43yty")]

[node name="PhysicalBoneSimulator3D" type="PhysicalBoneSimulator3D" parent="Rig2/Skeleton3D" parent_id_path=PackedInt32Array(1065750756) index="1" unique_id=1088539693]

[node name="Physical Bone Pelvis" type="PhysicalBone3D" parent="Rig2/Skeleton3D/PhysicalBoneSimulator3D" index="0" unique_id=1517746462]
transform = Transform3D(1, 2.3841858e-07, 5.639613e-10, 1.1381592e-07, -0.47529745, -0.8798252, -2.0949862e-07, 0.8798252, -0.47529745, -0.0033826076, 1.1740975, 0.036509708)
joint_offset = Transform3D(1, 0, 0, 0, 1, 0, 0, 0, 1, -5.2931916e-11, 0, 0.093857944)
body_offset = Transform3D(1, 0, 5.6395777e-10, 5.63972e-10, 0, -1, 0, 1, 0, 0, 0.093857944, 0)
bone_name = "Pelvis"

[node name="CollisionShape3D" type="CollisionShape3D" parent="Rig2/Skeleton3D/PhysicalBoneSimulator3D/Physical Bone Pelvis" index="0" unique_id=1992590252]
transform = Transform3D(1, 0, 0, 0, 0, 1, 0, -1, 0, 0, 0, 0)
shape = SubResource("CapsuleShape3D_gnbx7")

[node name="Physical Bone Torso" type="PhysicalBone3D" parent="Rig2/Skeleton3D/PhysicalBoneSimulator3D" index="1" unique_id=291016720]
transform = Transform3D(1, -1.9073485e-05, -6.9377386e-11, 3.9732586e-06, 0.20831677, -0.97806144, 1.8655053e-05, 0.97806144, 0.20831677, -0.0033858987, 1.460594, 0.037688017)
joint_type = 1
joint_offset = Transform3D(1, 0, 0, 0, 1, 0, 0, 0, 1, 3.291076e-06, -5.836193e-07, 0.20849223)
body_offset = Transform3D(1, 0, -7.094059e-11, -7.1395334e-11, -5.9604645e-08, -1.0000002, 0, 1.0000001, -5.9604645e-08, -3.2910611e-06, 0.20849228, 5.9604645e-07)
bone_name = "Torso"
joint_constraints/bias = 0.3
joint_constraints/damping = 1.0
joint_constraints/impulse_clamp = 0.0

[node name="CollisionShape3D" type="CollisionShape3D" parent="Rig2/Skeleton3D/PhysicalBoneSimulator3D/Physical Bone Torso" index="0" unique_id=905938515]
transform = Transform3D(1, 0, 0, 0, 0, 1, 0, -1, 0, 0, 0, 0)
shape = SubResource("CapsuleShape3D_7xuav")

[node name="Physical Bone Neck" type="PhysicalBone3D" parent="Rig2/Skeleton3D/PhysicalBoneSimulator3D" index="2" unique_id=1539583272]
transform = Transform3D(0.9999744, -0.0071501117, 4.4053644e-10, -0.00047309347, -0.06616426, -0.99780864, 0.0071344427, 0.9977832, -0.066165954, -0.0033821012, 1.7163256, -0.002307587)
joint_type = 1
joint_offset = Transform3D(1, 0, 0, 0, 1, 0, 0, 0, 1, -5.071414e-07, -1.0266147e-07, 0.051932566)
body_offset = Transform3D(1, -9.313226e-10, 6.9849193e-10, 1.1641532e-10, 1.4901161e-08, -1.0000001, 0, 1, 1.1175871e-07, 5.0710514e-07, 0.051932573, 9.685755e-08)
bone_name = "Neck"
joint_constraints/bias = 0.3
joint_constraints/damping = 1.0
joint_constraints/impulse_clamp = 0.0

[node name="CollisionShape3D" type="CollisionShape3D" parent="Rig2/Skeleton3D/PhysicalBoneSimulator3D/Physical Bone Neck" index="0" unique_id=1297525231]
transform = Transform3D(1, 0, 0, 0, 0, 1, 0, -1, 0, 0, 0, 0)
shape = SubResource("CapsuleShape3D_h18os")

[node name="Physical Bone UpperArm_L" type="PhysicalBone3D" parent="Rig2/Skeleton3D/PhysicalBoneSimulator3D" index="3" unique_id=732945819]
transform = Transform3D(-0.9348343, 0.2190474, -0.27946925, -0.32950392, -0.24182563, 0.9126596, 0.13233289, 0.94527173, 0.29824388, 0.327925, 1.4712746, -0.040107284)
joint_type = 1
joint_offset = Transform3D(1, 0, 0, 0, 1, 0, 0, 0, 1, 5.381153e-07, 8.300017e-07, 0.14975671)
body_offset = Transform3D(1.0000002, 5.9604645e-08, -1.1175871e-08, -4.4703484e-08, 1.7881393e-07, -1.0000005, -5.9604645e-08, 1.0000004, 2.9802322e-08, -5.364418e-07, 0.14975679, -8.34465e-07)
bone_name = "UpperArm.L"
joint_constraints/bias = 0.3
joint_constraints/damping = 1.0
joint_constraints/impulse_clamp = 0.0

[node name="CollisionShape3D" type="CollisionShape3D" parent="Rig2/Skeleton3D/PhysicalBoneSimulator3D/Physical Bone UpperArm_L" index="0" unique_id=487716200]
transform = Transform3D(1, 0, 0, 0, 0, 1, 0, -1, 0, 0, 0, 0)
shape = SubResource("CapsuleShape3D_ms5do")

[node name="Physical Bone LowerArm_L" type="PhysicalBone3D" parent="Rig2/Skeleton3D/PhysicalBoneSimulator3D" index="4" unique_id=1759432562]
transform = Transform3D(-0.94790053, -0.0009861488, -0.31856507, -0.31842628, 0.032608498, 0.9473866, 0.009453664, 0.99946773, -0.031223625, 0.41514122, 1.199688, -0.08032477)
joint_type = 1
joint_offset = Transform3D(1, 0, 0, 0, 1, 0, 0, 0, 1, -6.973777e-08, 4.4491273e-07, 0.14240125)
body_offset = Transform3D(1.0000004, 8.754432e-08, 7.1158865e-08, 1.565786e-08, 9.313226e-09, -1.0000006, -9.313226e-08, 1.0000004, 1.4901161e-08, 5.9604645e-08, 0.14240134, -4.4703484e-07)
bone_name = "LowerArm.L"
joint_constraints/bias = 0.3
joint_constraints/damping = 1.0
joint_constraints/impulse_clamp = 0.0

[node name="CollisionShape3D" type="CollisionShape3D" parent="Rig2/Skeleton3D/PhysicalBoneSimulator3D/Physical Bone LowerArm_L" index="0" unique_id=532214517]
transform = Transform3D(1, 0, 0, 0, 0, 1, 0, -1, 0, 0, 0, 0)
shape = SubResource("CapsuleShape3D_py1jx")

[node name="Physical Bone UpperArm_R" type="PhysicalBone3D" parent="Rig2/Skeleton3D/PhysicalBoneSimulator3D" index="5" unique_id=438212897]
transform = Transform3D(-0.93483436, -0.21904752, 0.2794691, 0.32950374, -0.24182537, 0.91265976, -0.13233313, 0.9452718, 0.29824367, -0.3279249, 1.4712739, -0.040106628)
joint_type = 1
joint_offset = Transform3D(1, 0, 0, 0, 1, 0, 0, 0, 1, -1.5928782e-07, 1.1762498e-07, 0.14975701)
body_offset = Transform3D(1.0000001, 1.0430813e-07, -1.3038516e-07, -1.9744039e-07, -3.2782555e-07, -1.0000001, -1.4901161e-07, 1.0000002, -3.874302e-07, 1.7881393e-07, 0.14975703, -5.9604645e-08)
bone_name = "UpperArm.R"
joint_constraints/bias = 0.3
joint_constraints/damping = 1.0
joint_constraints/impulse_clamp = 0.0

[node name="CollisionShape3D" type="CollisionShape3D" parent="Rig2/Skeleton3D/PhysicalBoneSimulator3D/Physical Bone UpperArm_R" index="0" unique_id=780986072]
transform = Transform3D(1, 0, 0, 0, 0, 1, 0, -1, 0, 0, 0, 0)
shape = SubResource("CapsuleShape3D_d3d7n")

[node name="Physical Bone LowerArm_R" type="PhysicalBone3D" parent="Rig2/Skeleton3D/PhysicalBoneSimulator3D" index="6" unique_id=1436265579]
transform = Transform3D(-0.9479006, 0.0009861665, 0.3185648, 0.318426, 0.0326085, 0.94738674, -0.009453638, 0.9994678, -0.031223636, -0.41514128, 1.1996876, -0.08032514)
joint_type = 1
joint_offset = Transform3D(1, 0, 0, 0, 1, 0, 0, 0, 1, -1.8877866e-08, 7.630825e-07, 0.14240117)
body_offset = Transform3D(1.0000001, 4.9360096e-08, 1.3256795e-07, 7.4884156e-08, -2.9802322e-08, -1.0000004, -9.313226e-10, 1.0000002, -1.527369e-07, 0, 0.14240122, -7.4133277e-07)
bone_name = "LowerArm.R"
joint_constraints/bias = 0.3
joint_constraints/damping = 1.0
joint_constraints/impulse_clamp = 0.0

[node name="CollisionShape3D" type="CollisionShape3D" parent="Rig2/Skeleton3D/PhysicalBoneSimulator3D/Physical Bone LowerArm_R" index="0" unique_id=59030736]
transform = Transform3D(1, 0, 0, 0, 0, 1, 0, -1, 0, 0, 0, 0)
shape = SubResource("CapsuleShape3D_xfi5w")

[node name="Physical Bone UpperLeg_L" type="PhysicalBone3D" parent="Rig2/Skeleton3D/PhysicalBoneSimulator3D" index="7" unique_id=968328943]
transform = Transform3D(-0.99760026, 0.0074822903, -0.06883081, -0.06922014, -0.086308196, 0.9938609, 0.0014956926, 0.99624044, 0.086619005, 0.13817051, 0.8107946, 0.012760438)
joint_type = 1
joint_offset = Transform3D(1, 0, 0, 0, 1, 0, 0, 0, 1, 8.150682e-06, 5.0819017e-07, 0.1989157)
body_offset = Transform3D(1, 1.9208528e-08, 1.1249504e-06, 1.1333759e-06, -1.244247e-06, -0.99999976, -1.5599653e-08, 0.9999996, -1.3187528e-06, -8.374453e-06, 0.19891566, -2.4586916e-07)
bone_name = "UpperLeg.L"
joint_constraints/bias = 0.3
joint_constraints/damping = 1.0
joint_constraints/impulse_clamp = 0.0

[node name="CollisionShape3D" type="CollisionShape3D" parent="Rig2/Skeleton3D/PhysicalBoneSimulator3D/Physical Bone UpperLeg_L" index="0" unique_id=1010185483]
transform = Transform3D(1, 0, 0, 0, 0, 1, 0, -1, 0, 0, 0, 0)
shape = SubResource("CapsuleShape3D_e35at")

[node name="Physical Bone LowerLeg_L" type="PhysicalBone3D" parent="Rig2/Skeleton3D/PhysicalBoneSimulator3D" index="8" unique_id=1760911014]
transform = Transform3D(-0.9982581, 0.012648588, -0.057625685, -0.05891763, -0.16291954, 0.9848787, 0.0030689733, 0.9865583, 0.163381, 0.16760966, 0.3439606, -0.04911757)
joint_type = 1
joint_offset = Transform3D(1, 0, 0, 0, 1, 0, 0, 0, 1, 8.88045e-06, -2.0040754e-07, 0.27328318)
body_offset = Transform3D(1, -3.0237716e-06, 1.4200341e-06, 1.4201505e-06, -1.0430813e-07, -0.99999994, 3.0228402e-06, 0.9999997, -1.937151e-07, -9.268522e-06, 0.27328318, 2.5331974e-07)
bone_name = "LowerLeg.L"
joint_constraints/bias = 0.3
joint_constraints/damping = 1.0
joint_constraints/impulse_clamp = 0.0

[node name="CollisionShape3D" type="CollisionShape3D" parent="Rig2/Skeleton3D/PhysicalBoneSimulator3D/Physical Bone LowerLeg_L" index="0" unique_id=1099700989]
transform = Transform3D(1, 0, 0, 0, 0, 1, 0, -1, 0, 0, 0, 0)
shape = SubResource("CapsuleShape3D_t7jxi")

[node name="Physical Bone UpperLeg_R" type="PhysicalBone3D" parent="Rig2/Skeleton3D/PhysicalBoneSimulator3D" index="9" unique_id=652234072]
transform = Transform3D(-0.99760044, -0.007482414, 0.068829596, 0.06921895, -0.08630939, 0.9938609, -0.0014958382, 0.9962403, 0.086620204, -0.1381655, 0.81080675, 0.012761803)
joint_type = 1
joint_offset = Transform3D(1, 0, 0, 0, 1, 0, 0, 0, 1, -4.238515e-06, 3.1202553e-08, 0.19890304)
body_offset = Transform3D(0.9999999, -2.4447218e-09, 3.3105607e-08, 4.141475e-08, 0, -0.99999964, -3.4924597e-10, 0.9999994, -8.195639e-08, 4.23193e-06, 0.19890296, -1.4901161e-08)
bone_name = "UpperLeg.R"
joint_constraints/bias = 0.3
joint_constraints/damping = 1.0
joint_constraints/impulse_clamp = 0.0

[node name="CollisionShape3D" type="CollisionShape3D" parent="Rig2/Skeleton3D/PhysicalBoneSimulator3D/Physical Bone UpperLeg_R" index="0" unique_id=1459487070]
transform = Transform3D(1, 0, 0, 0, 0, 1, 0, -1, 0, 0, 0, 0)
shape = SubResource("CapsuleShape3D_yyl3h")

[node name="Physical Bone LowerLeg_R" type="PhysicalBone3D" parent="Rig2/Skeleton3D/PhysicalBoneSimulator3D" index="10" unique_id=270562135]
transform = Transform3D(-0.99825865, -0.012626829, 0.057621915, 0.058910426, -0.16294041, 0.9848756, -0.0030469173, 0.9865551, 0.16340053, -0.16759929, 0.3439685, -0.049116485)
joint_type = 1
joint_offset = Transform3D(1, 0, 0, 0, 1, 0, 0, 0, 1, 2.9140503e-08, -5.1997476e-06, 0.27327442)
body_offset = Transform3D(1, -1.9958476e-05, 2.0741136e-06, 2.0768493e-06, 1.9788742e-05, -0.9999999, 1.9956147e-05, 0.9999996, 1.9654632e-05, -5.9604645e-07, 0.2732744, -1.7136335e-07)
bone_name = "LowerLeg.R"
joint_constraints/bias = 0.3
joint_constraints/damping = 1.0
joint_constraints/impulse_clamp = 0.0

[node name="CollisionShape3D" type="CollisionShape3D" parent="Rig2/Skeleton3D/PhysicalBoneSimulator3D/Physical Bone LowerLeg_R" index="0" unique_id=742466461]
transform = Transform3D(1, 0, 0, 0, 0, 1, 0, -1, 0, 0, 0, 0)
shape = SubResource("CapsuleShape3D_sn6qd")
