[gd_scene format=3 uid="uid://7puyu0grl0iy"]

[ext_resource type="PackedScene" uid="uid://cvhgoyn3o8t7f" path="res://zombie/ZombieIdle.glb" id="1_blicy"]
[ext_resource type="AnimationLibrary" uid="uid://cloahicqn13ho" path="res://zombie/ZombieAttack.glb" id="2_yaogc"]
[ext_resource type="AnimationLibrary" uid="uid://dkw1n4a1etece" path="res://zombie/ZombieWalking.glb" id="3_siap5"]

[sub_resource type="CapsuleShape3D" id="CapsuleShape3D_blicy"]
radius = 0.010051864
height = 0.100518644

[sub_resource type="CapsuleShape3D" id="CapsuleShape3D_t3ikf"]
radius = 0.011727178
height = 0.11727177

[sub_resource type="CapsuleShape3D" id="CapsuleShape3D_yaogc"]
radius = 0.013402501
height = 0.13402501

[sub_resource type="CapsuleShape3D" id="CapsuleShape3D_hb_mixamorig_Spine1"]
radius = 0.14794922
height = 0.33357424

[sub_resource type="CapsuleShape3D" id="CapsuleShape3D_siap5"]
radius = 0.0150777865
height = 0.15077786

[sub_resource type="CapsuleShape3D" id="CapsuleShape3D_kppw2"]
radius = 0.18164063
height = 0.4

[sub_resource type="CapsuleShape3D" id="CapsuleShape3D_e4xys"]
radius = 0.005679299
height = 0.05679299

[sub_resource type="CapsuleShape3D" id="CapsuleShape3D_m83i4"]
radius = 0.028226342
height = 0.28226343

[sub_resource type="CapsuleShape3D" id="CapsuleShape3D_hb_mixamorig_Head"]
radius = 0.142
height = 0.34131306

[sub_resource type="CapsuleShape3D" id="CapsuleShape3D_v58xl"]
radius = 0.016917925
height = 0.16917925

[sub_resource type="CapsuleShape3D" id="CapsuleShape3D_dta2r"]
radius = 0.026587546
height = 0.26587546

[sub_resource type="CapsuleShape3D" id="CapsuleShape3D_hb_mixamorig_LeftArm"]
radius = 0.08642578
height = 0.35086718

[sub_resource type="CapsuleShape3D" id="CapsuleShape3D_sl83e"]
radius = 0.029053863
height = 0.29053864

[sub_resource type="CapsuleShape3D" id="CapsuleShape3D_hb_mixamorig_LeftForeArm"]
radius = 0.069
height = 0.40845293

[sub_resource type="CapsuleShape3D" id="CapsuleShape3D_uff4m"]
radius = 0.016917925
height = 0.16917925

[sub_resource type="CapsuleShape3D" id="CapsuleShape3D_ul75q"]
radius = 0.026380423
height = 0.26380423

[sub_resource type="CapsuleShape3D" id="CapsuleShape3D_hb_mixamorig_RightArm"]
radius = 0.086
height = 0.351

[sub_resource type="CapsuleShape3D" id="CapsuleShape3D_qoau2"]
radius = 0.029038992
height = 0.29038993

[sub_resource type="CapsuleShape3D" id="CapsuleShape3D_hb_mixamorig_RightForeArm"]
radius = 0.069
height = 0.408

[sub_resource type="CapsuleShape3D" id="CapsuleShape3D_f07ra"]
radius = 0.048912346
height = 0.48912346

[sub_resource type="CapsuleShape3D" id="CapsuleShape3D_hb_mixamorig_LeftUpLeg"]
radius = 0.084
height = 0.48912346

[sub_resource type="CapsuleShape3D" id="CapsuleShape3D_8w532"]
radius = 0.04995071
height = 0.4995071

[sub_resource type="CapsuleShape3D" id="CapsuleShape3D_hb_mixamorig_LeftLeg"]
radius = 0.09
height = 0.61242557

[sub_resource type="CapsuleShape3D" id="CapsuleShape3D_5nt0b"]
radius = 0.025984164
height = 0.25984165

[sub_resource type="CapsuleShape3D" id="CapsuleShape3D_0pu7s"]
radius = 0.010206337
height = 0.10206337

[sub_resource type="CapsuleShape3D" id="CapsuleShape3D_w4koy"]
radius = 0.048912983
height = 0.48912984

[sub_resource type="CapsuleShape3D" id="CapsuleShape3D_hb_mixamorig_RightUpLeg"]
radius = 0.084
height = 0.48912984

[sub_resource type="CapsuleShape3D" id="CapsuleShape3D_8nvl8"]
radius = 0.049818836
height = 0.49818838

[sub_resource type="CapsuleShape3D" id="CapsuleShape3D_hb_mixamorig_RightLeg"]
radius = 0.09
height = 0.612

[sub_resource type="CapsuleShape3D" id="CapsuleShape3D_8320b"]
radius = 0.025105173
height = 0.25105172

[sub_resource type="CapsuleShape3D" id="CapsuleShape3D_00x83"]
radius = 0.010167495
height = 0.10167495

[node name="ZombieIdle" unique_id=178024511 instance=ExtResource("1_blicy")]

[node name="Skeleton3D" parent="Armature" parent_id_path=PackedInt32Array(310291567) index="0" unique_id=1728859461]
bones/0/position = Vector3(-0.0087231975, -0.022159915, -0.97703284)
bones/0/rotation = Quaternion(-0.555524, 0.37223986, -0.33763376, 0.66244555)
bones/1/rotation = Quaternion(0.06027982, -0.017955724, 0.021731313, 0.9977835)
bones/2/rotation = Quaternion(0.20923378, -0.041948233, 0.019150494, 0.9767778)
bones/3/rotation = Quaternion(0.20959161, -0.04023769, 0.018926675, 0.97677743)
bones/4/rotation = Quaternion(0.050830152, 0.002006015, 0.009888567, 0.99865633)
bones/5/rotation = Quaternion(-0.105786316, -0.0014412209, 0.10604768, 0.9887169)
bones/7/rotation = Quaternion(-0.4246361, -0.56081444, 0.4171638, -0.5754526)
bones/8/rotation = Quaternion(-0.1413858, -0.22300127, 0.5781239, 0.7720449)
bones/9/rotation = Quaternion(-0.025926087, 0.011235799, 0.104795285, 0.99409235)
bones/11/rotation = Quaternion(0.43794516, -0.54516447, 0.51750034, 0.4931462)
bones/12/rotation = Quaternion(-0.07881395, 0.34018195, -0.545593, 0.7618353)
bones/13/rotation = Quaternion(-0.06033166, -0.01021934, -0.38832265, 0.9194896)
bones/15/rotation = Quaternion(0.07882327, 0.2815877, 0.9399673, -0.17594513)
bones/16/rotation = Quaternion(-0.35808793, -0.08732906, 0.037235584, 0.9288489)
bones/17/rotation = Quaternion(0.53317165, -0.23480147, -0.09621738, 0.8070555)
bones/18/rotation = Quaternion(0.18589072, 0.0008477371, 0.004480148, 0.9825599)
bones/20/rotation = Quaternion(-0.11913941, 0.39421502, 0.87095076, 0.26803944)
bones/21/rotation = Quaternion(-0.3405107, -0.0424536, 0.00553167, 0.9392655)
bones/22/rotation = Quaternion(0.5150895, 0.029907107, 0.15223649, 0.8429783)
bones/23/rotation = Quaternion(0.19339392, -0.0013530178, -0.0068631973, 0.98109627)

[node name="PhysicalBoneSimulator3D" type="PhysicalBoneSimulator3D" parent="Armature/Skeleton3D" index="1" unique_id=772350103]

[node name="Physical Bone mixamorig_Hips" type="PhysicalBone3D" parent="Armature/Skeleton3D/PhysicalBoneSimulator3D" index="0" unique_id=407078833]
transform = Transform3D(0.4948858, 0.86764497, 0.047752872, -0.86090213, 0.49702254, -0.1087022, -0.11804916, 0.012684625, 0.9929268, -0.011117367, -0.01668726, -1.0269703)
joint_offset = Transform3D(1, 0, 0, 0, 1, 0, 0, 0, 1, 1.1878168e-06, -9.3067065e-06, 0.050293453)
body_offset = Transform3D(1, -4.5001507e-06, -8.046627e-07, -3.2782555e-07, 0.09369573, -0.995601, 4.4703484e-06, 0.99560094, 0.09369571, -1.1473894e-06, 0.050073087, -0.004703015)
bone_name = "mixamorig_Hips"

[node name="CollisionShape3D" type="CollisionShape3D" parent="Armature/Skeleton3D/PhysicalBoneSimulator3D/Physical Bone mixamorig_Hips" index="0" unique_id=2107877069]
transform = Transform3D(1, 0, 0, 0, 0, 1, 0, -1, 0, 0, 0, 0)
shape = SubResource("CapsuleShape3D_blicy")

[node name="Physical Bone mixamorig_Spine" type="PhysicalBone3D" parent="Armature/Skeleton3D/PhysicalBoneSimulator3D" index="1" unique_id=1160082761]
transform = Transform3D(0.5288735, 0.84091204, -0.11471641, -0.8345228, 0.49066263, -0.25064307, -0.15448172, 0.22829193, 0.96125865, -0.0067886137, 0.0034932746, -1.1332841)
joint_type = 1
joint_offset = Transform3D(1, 0, 0, 0, 1, 0, 0, 0, 1, 8.319329e-06, -3.577847e-06, 0.05872058)
body_offset = Transform3D(1, 5.364418e-07, 9.3877316e-07, 9.834766e-07, -2.503395e-06, -1.0000001, -5.9604645e-07, 1, -2.5108457e-06, -8.374453e-06, 0.05872059, 3.7252903e-06)
bone_name = "mixamorig_Spine"
joint_constraints/bias = 0.3
joint_constraints/damping = 1.0
joint_constraints/impulse_clamp = 0.0

[node name="CollisionShape3D" type="CollisionShape3D" parent="Armature/Skeleton3D/PhysicalBoneSimulator3D/Physical Bone mixamorig_Spine" index="0" unique_id=313696857]
transform = Transform3D(1, 0, 0, 0, 0, 1, 0, -1, 0, 0, 0, 0)
shape = SubResource("CapsuleShape3D_t3ikf")

[node name="Physical Bone mixamorig_Spine1" type="PhysicalBone3D" parent="Armature/Skeleton3D/PhysicalBoneSimulator3D" index="2" unique_id=268501220]
transform = Transform3D(0.6045515, 0.67815, -0.4178877, -0.7818556, 0.40481955, -0.47415513, -0.15237921, 0.61337894, 0.7749496, 0.02794091, 0.04993755, -1.241502)
joint_type = 1
joint_offset = Transform3D(1, 0, 0, 0, 1, 0, 0, 0, 1, -2.2987765e-06, -5.721425e-06, 0.06701867)
body_offset = Transform3D(1, 3.695488e-06, 2.95043e-06, 3.0100346e-06, -1.7881393e-06, -1.0000002, -3.784895e-06, 1, -1.7881393e-06, 2.1010637e-06, 0.06701869, 5.841255e-06)
bone_name = "mixamorig_Spine1"
joint_constraints/bias = 0.3
joint_constraints/damping = 1.0
joint_constraints/impulse_clamp = 0.0

[node name="CollisionShape3D" type="CollisionShape3D" parent="Armature/Skeleton3D/PhysicalBoneSimulator3D/Physical Bone mixamorig_Spine1" index="0" unique_id=680379122]
transform = Transform3D(1, 0, 0, 0, 0, 1, 0, -1, 0, 0, 0, 0)
shape = SubResource("CapsuleShape3D_yaogc")

[node name="Hitbox" type="Area3D" parent="Armature/Skeleton3D/PhysicalBoneSimulator3D/Physical Bone mixamorig_Spine1" index="1" unique_id=515573230]
collision_layer = 2
collision_mask = 0
metadata/zone = "torso"

[node name="CollisionShape3D" type="CollisionShape3D" parent="Armature/Skeleton3D/PhysicalBoneSimulator3D/Physical Bone mixamorig_Spine1/Hitbox" index="0" unique_id=1928877527]
transform = Transform3D(1, -7.460699e-14, 1.4210855e-14, 0, -5.2154064e-08, 0.99998933, 0, -0.99998933, -2.9802322e-08, 1.6653345e-15, 1.4901161e-08, 0.2337122)
shape = SubResource("CapsuleShape3D_hb_mixamorig_Spine1")
debug_color = Color(1, 0, 0, 1)

[node name="Physical Bone mixamorig_Spine2" type="PhysicalBone3D" parent="Armature/Skeleton3D/PhysicalBoneSimulator3D" index="3" unique_id=326841655]
transform = Transform3D(0.66925114, 0.4019095, -0.6249573, -0.7341965, 0.22833972, -0.6393876, -0.114273384, 0.8867523, 0.4478972, 0.10309702, 0.12995693, -1.3272161)
joint_type = 1
joint_offset = Transform3D(1, 0, 0, 0, 1, 0, 0, 0, 1, 1.5483288e-06, -1.3132078e-05, 0.0754547)
body_offset = Transform3D(0.99999994, 1.2665987e-06, -1.7881393e-07, -1.4901161e-07, 3.2931566e-06, -1.0000002, -1.3262033e-06, 1.0000002, 3.412366e-06, -1.5348196e-06, 0.07545471, 1.2874603e-05)
bone_name = "mixamorig_Spine2"
joint_constraints/bias = 0.3
joint_constraints/damping = 1.0
joint_constraints/impulse_clamp = 0.0

[node name="CollisionShape3D" type="CollisionShape3D" parent="Armature/Skeleton3D/PhysicalBoneSimulator3D/Physical Bone mixamorig_Spine2" index="0" unique_id=1642185246]
transform = Transform3D(1, 0, 0, 0, 0, 1, 0, -1, 0, 0, 0, 0)
shape = SubResource("CapsuleShape3D_siap5")

[node name="Hitbox" type="Area3D" parent="Armature/Skeleton3D/PhysicalBoneSimulator3D/Physical Bone mixamorig_Spine2" index="1" unique_id=1147911302]
collision_layer = 2
collision_mask = 0
metadata/zone = "torso"

[node name="CollisionShape3D" type="CollisionShape3D" parent="Armature/Skeleton3D/PhysicalBoneSimulator3D/Physical Bone mixamorig_Spine2/Hitbox" index="0" unique_id=127965463]
transform = Transform3D(-4.37113e-08, -0.99999255, -1.7053026e-12, -6.7055225e-08, 0, -0.9999885, 0.9999952, -4.371106e-08, -2.0116568e-07, 2.1865457e-08, 0.0381504, 0.10650349)
shape = SubResource("CapsuleShape3D_kppw2")
debug_color = Color(1, 0, 0, 1)

[node name="Physical Bone mixamorig_Neck" type="PhysicalBone3D" parent="Armature/Skeleton3D/PhysicalBoneSimulator3D" index="4" unique_id=281015995]
transform = Transform3D(-0.6803787, -0.04652646, -0.73138237, 0.7219742, 0.12882522, -0.6798216, 0.12585019, -0.9905753, -0.05405902, 0.17086256, 0.19744468, -1.3599592)
joint_type = 1
joint_offset = Transform3D(1, 0, 0, 0, 1, 0, 0, 0, 1, -2.032272e-06, -0.0005315766, 0.028332578)
body_offset = Transform3D(-1.0000001, -2.0489097e-06, -1.8179417e-06, 7.4505806e-07, 0.40642035, -0.9136865, 2.6673079e-06, -0.9136865, -0.40642038, -1.9818544e-06, 0.026103139, 0.0110292435)
bone_name = "mixamorig_Neck"
joint_constraints/bias = 0.3
joint_constraints/damping = 1.0
joint_constraints/impulse_clamp = 0.0

[node name="CollisionShape3D" type="CollisionShape3D" parent="Armature/Skeleton3D/PhysicalBoneSimulator3D/Physical Bone mixamorig_Neck" index="0" unique_id=1251266325]
transform = Transform3D(1, 0, 0, 0, 0, 1, 0, -1, 0, 0, 0, 0)
shape = SubResource("CapsuleShape3D_e4xys")

[node name="Physical Bone mixamorig_Head" type="PhysicalBone3D" parent="Armature/Skeleton3D/PhysicalBoneSimulator3D" index="5" unique_id=1992098186]
transform = Transform3D(-0.79478365, -0.24646254, -0.55459464, 0.56740075, 0.02249853, -0.8231344, 0.21534935, -0.9688912, 0.121961564, 0.27525708, 0.3435205, -1.3837063)
joint_type = 1
joint_offset = Transform3D(1, 0, 0, 0, 1, 0, 0, 0, 1, 1.2759208e-06, -0.0070914626, 0.1538213)
body_offset = Transform3D(-1, -1.1390075e-06, -3.963709e-06, 2.9802322e-06, 0.4064119, -0.91369015, 2.682209e-06, -0.91369027, -0.40641186, 1.8775463e-06, 0.14342707, 0.0560354)
bone_name = "mixamorig_Head"
joint_constraints/bias = 0.3
joint_constraints/damping = 1.0
joint_constraints/impulse_clamp = 0.0

[node name="CollisionShape3D" type="CollisionShape3D" parent="Armature/Skeleton3D/PhysicalBoneSimulator3D/Physical Bone mixamorig_Head" index="0" unique_id=222339558]
transform = Transform3D(1, 0, 0, 0, 0, 1, 0, -1, 0, 0, 0, 0)
shape = SubResource("CapsuleShape3D_m83i4")

[node name="Hitbox" type="Area3D" parent="Armature/Skeleton3D/PhysicalBoneSimulator3D/Physical Bone mixamorig_Head" index="1" unique_id=2123986592]
collision_layer = 2
collision_mask = 0
metadata/zone = "head"

[node name="CollisionShape3D" type="CollisionShape3D" parent="Armature/Skeleton3D/PhysicalBoneSimulator3D/Physical Bone mixamorig_Head/Hitbox" index="0" unique_id=904272034]
transform = Transform3D(1, 7.503331e-12, -1.1823431e-11, 3.1832315e-12, -5.662441e-07, 1.0000012, 3.9790393e-13, -1.0000019, -1.4901161e-07, -4.1950443e-11, -3.6597252e-05, 0.03208506)
shape = SubResource("CapsuleShape3D_hb_mixamorig_Head")
debug_color = Color(1, 0, 0, 1)

[node name="Physical Bone mixamorig_LeftShoulder" type="PhysicalBone3D" parent="Armature/Skeleton3D/PhysicalBoneSimulator3D" index="6" unique_id=1476451661]
transform = Transform3D(-0.38884336, -0.3988235, -0.83050627, -0.24757364, -0.8230569, 0.5111602, -0.88741654, 0.40437272, 0.22130197, 0.2568703, 0.05754243, -1.3776671)
joint_type = 1
joint_offset = Transform3D(1, 0, 0, 0, 1, 0, 0, 0, 1, 1.017471e-05, -7.640832e-06, 0.084588826)
body_offset = Transform3D(1.0000004, -1.0922551e-05, 1.5005469e-05, 1.5124679e-05, 4.917383e-06, -1, 1.08629465e-05, 1.0000001, 5.066395e-06, -1.1444092e-05, 0.084588826, 7.212162e-06)
bone_name = "mixamorig_LeftShoulder"
joint_constraints/bias = 0.3
joint_constraints/damping = 1.0
joint_constraints/impulse_clamp = 0.0

[node name="CollisionShape3D" type="CollisionShape3D" parent="Armature/Skeleton3D/PhysicalBoneSimulator3D/Physical Bone mixamorig_LeftShoulder" index="0" unique_id=294870995]
transform = Transform3D(1, 0, 0, 0, 0, 1, 0, -1, 0, 0, 0, 0)
shape = SubResource("CapsuleShape3D_v58xl")

[node name="Physical Bone mixamorig_LeftArm" type="PhysicalBone3D" parent="Armature/Skeleton3D/PhysicalBoneSimulator3D" index="7" unique_id=1923567565]
transform = Transform3D(0.6313464, -0.17860082, -0.7546546, -0.6948684, -0.56235135, -0.44823983, -0.344325, 0.80738026, -0.47914252, 0.42744252, 0.073892556, -1.3326985)
joint_type = 1
joint_offset = Transform3D(1, 0, 0, 0, 1, 0, 0, 0, 1, 1.9002504e-06, -5.77219e-06, 0.13294017)
body_offset = Transform3D(1.0000001, -2.5689602e-05, -7.56979e-06, -7.56979e-06, 4.053116e-06, -1.0000002, 2.5421381e-05, 1.0000005, 3.963709e-06, -8.940697e-07, 0.1329402, 5.2452087e-06)
bone_name = "mixamorig_LeftArm"
joint_constraints/bias = 0.3
joint_constraints/damping = 1.0
joint_constraints/impulse_clamp = 0.0

[node name="CollisionShape3D" type="CollisionShape3D" parent="Armature/Skeleton3D/PhysicalBoneSimulator3D/Physical Bone mixamorig_LeftArm" index="0" unique_id=144450828]
transform = Transform3D(1, 0, 0, 0, 0, 1, 0, -1, 0, 0, 0, 0)
shape = SubResource("CapsuleShape3D_dta2r")

[node name="Hitbox" type="Area3D" parent="Armature/Skeleton3D/PhysicalBoneSimulator3D/Physical Bone mixamorig_LeftArm" index="1" unique_id=906909371]
collision_layer = 2
collision_mask = 0
metadata/zone = "upper_arm_L"

[node name="CollisionShape3D" type="CollisionShape3D" parent="Armature/Skeleton3D/PhysicalBoneSimulator3D/Physical Bone mixamorig_LeftArm/Hitbox" index="0" unique_id=1386886811]
transform = Transform3D(0.9999993, -9.834766e-07, -1.7881393e-07, 7.4505806e-08, -3.46452e-07, 0.99999994, -3.2782555e-07, -0.9999998, 1.8626451e-08, 1.1920929e-07, 0, 0.03843379)
shape = SubResource("CapsuleShape3D_hb_mixamorig_LeftArm")
debug_color = Color(1, 0, 0, 1)

[node name="Physical Bone mixamorig_LeftForeArm" type="PhysicalBone3D" parent="Armature/Skeleton3D/PhysicalBoneSimulator3D" index="8" unique_id=1871856021]
transform = Transform3D(0.7790828, -0.1269625, -0.61393046, -0.5706656, -0.5490628, -0.6106316, -0.25955907, 0.82608145, -0.5002185, 0.6169557, 0.22218654, -1.1963595)
joint_type = 1
joint_offset = Transform3D(1, 0, 0, 0, 1, 0, 0, 0, 1, -1.11719855e-05, 1.5228647e-05, 0.14526331)
body_offset = Transform3D(1, -3.8146973e-06, 1.7881393e-07, 8.940697e-08, -1.0192394e-05, -1.0000002, 3.695488e-06, 1.0000005, -1.0460615e-05, 1.1146069e-05, 0.14526334, -1.3709068e-05)
bone_name = "mixamorig_LeftForeArm"
joint_constraints/bias = 0.3
joint_constraints/damping = 1.0
joint_constraints/impulse_clamp = 0.0

[node name="CollisionShape3D" type="CollisionShape3D" parent="Armature/Skeleton3D/PhysicalBoneSimulator3D/Physical Bone mixamorig_LeftForeArm" index="0" unique_id=1848277725]
transform = Transform3D(1, 0, 0, 0, 0, 1, 0, -1, 0, 0, 0, 0)
shape = SubResource("CapsuleShape3D_sl83e")

[node name="Hitbox" type="Area3D" parent="Armature/Skeleton3D/PhysicalBoneSimulator3D/Physical Bone mixamorig_LeftForeArm" index="1" unique_id=1654130834]
collision_layer = 2
collision_mask = 0
metadata/zone = "lower_arm_L"

[node name="CollisionShape3D" type="CollisionShape3D" parent="Armature/Skeleton3D/PhysicalBoneSimulator3D/Physical Bone mixamorig_LeftForeArm/Hitbox" index="0" unique_id=799305169]
transform = Transform3D(1, 1.937151e-07, 0, 1.0430813e-07, 6.593764e-07, 1, -2.8312206e-07, -1.0000038, 4.656613e-08, -2.9802322e-08, 1.1920929e-07, -0.05895692)
shape = SubResource("CapsuleShape3D_hb_mixamorig_LeftForeArm")
debug_color = Color(1, 0, 0, 1)

[node name="Physical Bone mixamorig_RightShoulder" type="PhysicalBone3D" parent="Armature/Skeleton3D/PhysicalBoneSimulator3D" index="9" unique_id=1831421358]
transform = Transform3D(0.33182096, -0.67023253, 0.6638398, 0.34277588, -0.5699455, -0.746771, 0.8788627, 0.4753425, 0.04061967, 0.021122098, 0.2822813, -1.3463649)
joint_type = 1
joint_offset = Transform3D(1, 0, 0, 0, 1, 0, 0, 0, 1, 9.337023e-06, -0.00011116872, 0.08458506)
body_offset = Transform3D(1.0000001, 1.4007092e-06, 9.536743e-07, 9.23872e-07, 2.8908253e-06, -1.0000002, -1.296401e-06, 1.0000002, 2.8908253e-06, -9.417534e-06, 0.084585086, 0.000110924244)
bone_name = "mixamorig_RightShoulder"
joint_constraints/bias = 0.3
joint_constraints/damping = 1.0
joint_constraints/impulse_clamp = 0.0

[node name="CollisionShape3D" type="CollisionShape3D" parent="Armature/Skeleton3D/PhysicalBoneSimulator3D/Physical Bone mixamorig_RightShoulder" index="0" unique_id=624121223]
transform = Transform3D(1, 0, 0, 0, 0, 1, 0, -1, 0, 0, 0, 0)
shape = SubResource("CapsuleShape3D_uff4m")

[node name="Physical Bone mixamorig_RightArm" type="PhysicalBone3D" parent="Armature/Skeleton3D/PhysicalBoneSimulator3D" index="10" unique_id=1724416792]
transform = Transform3D(0.93468153, -0.13954204, -0.3269534, -0.3550631, -0.41132542, -0.8394889, -0.017340237, 0.90074384, -0.43400452, 0.008161683, 0.4562447, -1.2925986)
joint_type = 1
joint_offset = Transform3D(1, 0, 0, 0, 1, 0, 0, 0, 1, 4.130906e-06, -3.758644e-06, 0.13189536)
body_offset = Transform3D(1.0000001, 7.5250864e-06, -5.3346157e-06, -5.2452087e-06, 1.13248825e-05, -1.0000002, -7.56979e-06, 1.0000002, 1.13248825e-05, -3.427267e-06, 0.1318954, 2.2649765e-06)
bone_name = "mixamorig_RightArm"
joint_constraints/bias = 0.3
joint_constraints/damping = 1.0
joint_constraints/impulse_clamp = 0.0

[node name="CollisionShape3D" type="CollisionShape3D" parent="Armature/Skeleton3D/PhysicalBoneSimulator3D/Physical Bone mixamorig_RightArm" index="0" unique_id=974682574]
transform = Transform3D(1, 0, 0, 0, 0, 1, 0, -1, 0, 0, 0, 0)
shape = SubResource("CapsuleShape3D_ul75q")

[node name="Hitbox" type="Area3D" parent="Armature/Skeleton3D/PhysicalBoneSimulator3D/Physical Bone mixamorig_RightArm" index="1" unique_id=1704738669]
collision_layer = 2
collision_mask = 0
metadata/zone = "upper_arm_R"

[node name="CollisionShape3D" type="CollisionShape3D" parent="Armature/Skeleton3D/PhysicalBoneSimulator3D/Physical Bone mixamorig_RightArm/Hitbox" index="0" unique_id=145021181]
transform = Transform3D(1, 0, 0, 0, 0, 1, 0, -1, 0, 0, 0, 0.038)
shape = SubResource("CapsuleShape3D_hb_mixamorig_RightArm")
debug_color = Color(1, 0, 0, 1)

[node name="Physical Bone mixamorig_RightForeArm" type="PhysicalBone3D" parent="Armature/Skeleton3D/PhysicalBoneSimulator3D" index="11" unique_id=821620783]
transform = Transform3D(0.41035512, -0.07338019, -0.9089687, -0.87336487, -0.31841013, -0.3685768, -0.26237857, 0.9451087, -0.19474891, 0.18325785, 0.6204928, -1.2070708)
joint_type = 1
joint_offset = Transform3D(1, 0, 0, 0, 1, 0, 0, 0, 1, 3.4591696e-06, -4.5874963e-06, 0.14518352)
body_offset = Transform3D(1.0000001, 7.867813e-06, -6.377697e-06, -6.3478947e-06, 2.7433038e-05, -1.0000004, -7.867813e-06, 1.0000002, 2.7492642e-05, -2.5331974e-06, 0.14518356, 5.9604645e-07)
bone_name = "mixamorig_RightForeArm"
joint_constraints/bias = 0.3
joint_constraints/damping = 1.0
joint_constraints/impulse_clamp = 0.0

[node name="CollisionShape3D" type="CollisionShape3D" parent="Armature/Skeleton3D/PhysicalBoneSimulator3D/Physical Bone mixamorig_RightForeArm" index="0" unique_id=1581452673]
transform = Transform3D(1, 0, 0, 0, 0, 1, 0, -1, 0, 0, 0, 0)
shape = SubResource("CapsuleShape3D_qoau2")

[node name="Hitbox" type="Area3D" parent="Armature/Skeleton3D/PhysicalBoneSimulator3D/Physical Bone mixamorig_RightForeArm" index="1" unique_id=30977472]
collision_layer = 2
collision_mask = 0
metadata/zone = "lower_arm_R"

[node name="CollisionShape3D" type="CollisionShape3D" parent="Armature/Skeleton3D/PhysicalBoneSimulator3D/Physical Bone mixamorig_RightForeArm/Hitbox" index="0" unique_id=1413042693]
transform = Transform3D(1, -3.7252903e-09, 0, 0, 1.1175871e-08, 1, 0, -1.0000002, 4.8428774e-08, -4.3421984e-05, 0.001870513, -0.056099057)
shape = SubResource("CapsuleShape3D_hb_mixamorig_RightForeArm")
debug_color = Color(1, 0, 0, 1)

[node name="Physical Bone mixamorig_LeftUpLeg" type="PhysicalBone3D" parent="Armature/Skeleton3D/PhysicalBoneSimulator3D" index="12" unique_id=50171502]
transform = Transform3D(-0.25303254, 0.76292145, -0.59491634, 0.8724189, 0.4457246, 0.20053662, 0.41816252, -0.46827397, -0.7783699, 0.19375248, -0.18469308, -0.746228)
joint_type = 1
joint_offset = Transform3D(1, 0, 0, 0, 1, 0, 0, 0, 1, -1.2928312e-05, 3.5607804e-06, 0.24456415)
body_offset = Transform3D(0.9999936, -1.4573336e-05, 1.41114e-05, 1.4200807e-05, 3.911555e-06, -0.99999994, 1.4513731e-05, 0.9999942, 3.963709e-06, 9.4771385e-06, 0.24456412, -4.529953e-06)
bone_name = "mixamorig_LeftUpLeg"
joint_constraints/bias = 0.3
joint_constraints/damping = 1.0
joint_constraints/impulse_clamp = 0.0

[node name="CollisionShape3D" type="CollisionShape3D" parent="Armature/Skeleton3D/PhysicalBoneSimulator3D/Physical Bone mixamorig_LeftUpLeg" index="0" unique_id=238468366]
transform = Transform3D(1, 0, 0, 0, 0, 1, 0, -1, 0, 0, 0, 0)
shape = SubResource("CapsuleShape3D_f07ra")

[node name="Hitbox" type="Area3D" parent="Armature/Skeleton3D/PhysicalBoneSimulator3D/Physical Bone mixamorig_LeftUpLeg" index="1" unique_id=2069969014]
collision_layer = 2
collision_mask = 0
metadata/zone = "thigh_L"

[node name="CollisionShape3D" type="CollisionShape3D" parent="Armature/Skeleton3D/PhysicalBoneSimulator3D/Physical Bone mixamorig_LeftUpLeg/Hitbox" index="0" unique_id=500507908]
transform = Transform3D(1, 0, 0, 0, 0, 1, 0, -1, 0, 0, 0, 0)
shape = SubResource("CapsuleShape3D_hb_mixamorig_LeftUpLeg")
debug_color = Color(1, 0, 0, 1)

[node name="Physical Bone mixamorig_LeftLeg" type="PhysicalBone3D" parent="Armature/Skeleton3D/PhysicalBoneSimulator3D" index="13" unique_id=1503732670]
transform = Transform3D(-0.0667119, 0.9953077, 0.07008807, 0.8907032, 0.027749127, 0.45373762, 0.44966358, 0.09269737, -0.88837487, 0.32166418, -0.3475367, -0.33288652)
joint_type = 1
joint_offset = Transform3D(1, 0, 0, 0, 1, 0, 0, 0, 1, -8.3215455e-05, -8.83201e-06, 0.25096464)
body_offset = Transform3D(0.9999938, 5.228445e-06, -5.662441e-07, 6.854534e-07, -1.4528632e-06, -0.99999744, -3.97861e-06, 0.9999968, -7.084571e-06, 8.3357096e-05, 0.250964, 1.0609627e-05)
bone_name = "mixamorig_LeftLeg"
joint_constraints/bias = 0.3
joint_constraints/damping = 1.0
joint_constraints/impulse_clamp = 0.0

[node name="CollisionShape3D" type="CollisionShape3D" parent="Armature/Skeleton3D/PhysicalBoneSimulator3D/Physical Bone mixamorig_LeftLeg" index="0" unique_id=1779197949]
transform = Transform3D(1, 0, 0, 0, 0, 1, 0, -1, 0, 0, 0, 0)
shape = SubResource("CapsuleShape3D_8w532")

[node name="Hitbox" type="Area3D" parent="Armature/Skeleton3D/PhysicalBoneSimulator3D/Physical Bone mixamorig_LeftLeg" index="1" unique_id=1892208252]
collision_layer = 2
collision_mask = 0
metadata/zone = "shin_L"

[node name="CollisionShape3D" type="CollisionShape3D" parent="Armature/Skeleton3D/PhysicalBoneSimulator3D/Physical Bone mixamorig_LeftLeg/Hitbox" index="0" unique_id=202989567]
transform = Transform3D(1.0000098, 5.8708247e-07, -3.259629e-08, 4.1443855e-08, 2.0861626e-07, 1, 2.612942e-07, -1.0000023, -2.5331974e-07, 0, 0, -0.05645913)
shape = SubResource("CapsuleShape3D_hb_mixamorig_LeftLeg")
debug_color = Color(1, 0, 0, 1)

[node name="Physical Bone mixamorig_LeftFoot" type="PhysicalBone3D" parent="Armature/Skeleton3D/PhysicalBoneSimulator3D" index="14" unique_id=1822979476]
transform = Transform3D(0.2454168, 0.40896717, -0.8789292, 0.9677417, -0.05006519, 0.24691987, 0.056978356, -0.9111748, -0.40806141, 0.41843212, -0.49246168, -0.059112627)
joint_type = 1
joint_offset = Transform3D(1, 0, 0, 0, 1, 0, 0, 0, 1, -3.988901e-06, -4.0434848e-06, 0.12992172)
body_offset = Transform3D(0.9999939, -6.3329935e-08, 1.937151e-07, 3.7252903e-07, -6.360933e-07, -0.9999987, 4.8428774e-07, 0.9999953, 4.284084e-06, 3.963709e-06, 0.12992156, 3.4868717e-06)
bone_name = "mixamorig_LeftFoot"
joint_constraints/bias = 0.3
joint_constraints/damping = 1.0
joint_constraints/impulse_clamp = 0.0

[node name="CollisionShape3D" type="CollisionShape3D" parent="Armature/Skeleton3D/PhysicalBoneSimulator3D/Physical Bone mixamorig_LeftFoot" index="0" unique_id=400580487]
transform = Transform3D(1, 0, 0, 0, 0, 1, 0, -1, 0, 0, 0, 0)
shape = SubResource("CapsuleShape3D_5nt0b")

[node name="Physical Bone mixamorig_LeftToeBase" type="PhysicalBone3D" parent="Armature/Skeleton3D/PhysicalBoneSimulator3D" index="15" unique_id=1525391566]
transform = Transform3D(0.2534294, 0.06045763, -0.9654628, 0.9654474, 0.046821263, 0.25635734, 0.060702942, -0.99707204, -0.046502776, 0.58188224, -0.53762984, -0.003729699)
joint_type = 1
joint_offset = Transform3D(1, 0, 0, 0, 1, 0, 0, 0, 1, 4.629274e-06, -7.4847417e-06, 0.05102456)
body_offset = Transform3D(0.99999404, 5.1297247e-06, 8.568168e-06, 8.940697e-06, -9.872019e-07, -0.99999636, -4.876405e-06, 0.99999756, 4.9406663e-06, -5.066395e-06, 0.051024377, 7.232651e-06)
bone_name = "mixamorig_LeftToeBase"
joint_constraints/bias = 0.3
joint_constraints/damping = 1.0
joint_constraints/impulse_clamp = 0.0

[node name="CollisionShape3D" type="CollisionShape3D" parent="Armature/Skeleton3D/PhysicalBoneSimulator3D/Physical Bone mixamorig_LeftToeBase" index="0" unique_id=572865919]
transform = Transform3D(1, 0, 0, 0, 0, 1, 0, -1, 0, 0, 0, 0)
shape = SubResource("CapsuleShape3D_0pu7s")

[node name="Physical Bone mixamorig_RightUpLeg" type="PhysicalBone3D" parent="Armature/Skeleton3D/PhysicalBoneSimulator3D" index="16" unique_id=1100913305]
transform = Transform3D(-0.7608373, 0.6011423, -0.2444476, 0.5674897, 0.43361792, -0.69995075, -0.3147731, -0.6712701, -0.6710547, -0.012877911, 0.24325313, -0.7438612)
joint_type = 1
joint_offset = Transform3D(1, 0, 0, 0, 1, 0, 0, 0, 1, -2.4606352e-05, 0.00057581393, 0.24412706)
body_offset = Transform3D(0.9999937, 6.735325e-06, -2.6226044e-06, -2.503395e-06, 0.0006442666, -1, -6.6012144e-06, 0.9999939, 0.0006444454, 2.5242567e-05, 0.24412668, -0.00073313713)
bone_name = "mixamorig_RightUpLeg"
joint_constraints/bias = 0.3
joint_constraints/damping = 1.0
joint_constraints/impulse_clamp = 0.0

[node name="CollisionShape3D" type="CollisionShape3D" parent="Armature/Skeleton3D/PhysicalBoneSimulator3D/Physical Bone mixamorig_RightUpLeg" index="0" unique_id=574304759]
transform = Transform3D(1, 0, 0, 0, 0, 1, 0, -1, 0, 0, 0, 0)
shape = SubResource("CapsuleShape3D_w4koy")

[node name="Hitbox" type="Area3D" parent="Armature/Skeleton3D/PhysicalBoneSimulator3D/Physical Bone mixamorig_RightUpLeg" index="1" unique_id=1287770409]
collision_layer = 2
collision_mask = 0
metadata/zone = "thigh_R"

[node name="CollisionShape3D" type="CollisionShape3D" parent="Armature/Skeleton3D/PhysicalBoneSimulator3D/Physical Bone mixamorig_RightUpLeg/Hitbox" index="0" unique_id=1261401821]
transform = Transform3D(1, 0, 0, 0, 0, 1, 0, -1, 0, 0, 0, 0)
shape = SubResource("CapsuleShape3D_hb_mixamorig_RightUpLeg")
debug_color = Color(1, 0, 0, 1)

[node name="Physical Bone mixamorig_RightLeg" type="PhysicalBone3D" parent="Armature/Skeleton3D/PhysicalBoneSimulator3D" index="17" unique_id=955367173]
transform = Transform3D(-0.7027514, 0.6795027, 0.21075255, 0.62585014, 0.73133063, -0.2710482, -0.33830777, -0.058579974, -0.9392105, -0.004970461, 0.48268393, -0.3459316)
joint_type = 1
joint_offset = Transform3D(1, 0, 0, 0, 1, 0, 0, 0, 1, -8.520302e-06, -1.5942401e-06, 0.24926515)
body_offset = Transform3D(0.99999356, -4.2915344e-06, -5.751848e-06, -5.4091215e-06, -9.045005e-06, -0.99999774, 4.7683716e-06, 0.9999964, -1.5005469e-05, 9.953976e-06, 0.24926458, 5.3346157e-06)
bone_name = "mixamorig_RightLeg"
joint_constraints/bias = 0.3
joint_constraints/damping = 1.0
joint_constraints/impulse_clamp = 0.0

[node name="CollisionShape3D" type="CollisionShape3D" parent="Armature/Skeleton3D/PhysicalBoneSimulator3D/Physical Bone mixamorig_RightLeg" index="0" unique_id=1136813190]
transform = Transform3D(1, 0, 0, 0, 0, 1, 0, -1, 0, 0, 0, 0)
shape = SubResource("CapsuleShape3D_8nvl8")

[node name="Hitbox" type="Area3D" parent="Armature/Skeleton3D/PhysicalBoneSimulator3D/Physical Bone mixamorig_RightLeg" index="1" unique_id=114085895]
collision_layer = 2
collision_mask = 0
metadata/zone = "shin_R"

[node name="CollisionShape3D" type="CollisionShape3D" parent="Armature/Skeleton3D/PhysicalBoneSimulator3D/Physical Bone mixamorig_RightLeg/Hitbox" index="0" unique_id=312708749]
transform = Transform3D(1, 0, 0, 0, 0, 1, 0, -1, 0, 0, 0, -0.05)
shape = SubResource("CapsuleShape3D_hb_mixamorig_RightLeg")
debug_color = Color(1, 0, 0, 1)

[node name="Physical Bone mixamorig_RightFoot" type="PhysicalBone3D" parent="Armature/Skeleton3D/PhysicalBoneSimulator3D" index="18" unique_id=1405532556]
transform = Transform3D(-0.6572081, 0.35317272, -0.66584283, 0.75145525, 0.2387627, -0.61506706, -0.05824646, -0.9045781, -0.42231026, 0.026151404, 0.627349, -0.059121594)
joint_type = 1
joint_offset = Transform3D(1, 0, 0, 0, 1, 0, 0, 0, 1, -3.753307e-07, 1.4574412e-06, 0.12552844)
body_offset = Transform3D(0.9999943, 2.3245811e-06, -1.758337e-06, 2.0563602e-06, -1.9967556e-06, -0.9999987, -3.9339066e-06, 0.999995, 1.9222498e-06, 5.9604645e-07, 0.12552828, -1.6987324e-06)
bone_name = "mixamorig_RightFoot"
joint_constraints/bias = 0.3
joint_constraints/damping = 1.0
joint_constraints/impulse_clamp = 0.0

[node name="CollisionShape3D" type="CollisionShape3D" parent="Armature/Skeleton3D/PhysicalBoneSimulator3D/Physical Bone mixamorig_RightFoot" index="0" unique_id=799753825]
transform = Transform3D(1, 0, 0, 0, 0, 1, 0, -1, 0, 0, 0, 0)
shape = SubResource("CapsuleShape3D_8320b")

[node name="Physical Bone mixamorig_RightToeBase" type="PhysicalBone3D" parent="Armature/Skeleton3D/PhysicalBoneSimulator3D" index="19" unique_id=1898530435]
transform = Transform3D(-0.6664594, 0.077588856, -0.741493, 0.7427759, -0.016482811, -0.6693372, -0.064155, -0.9968492, -0.04664601, 0.14743143, 0.7385819, -0.0037412655)
joint_type = 1
joint_offset = Transform3D(1, 0, 0, 0, 1, 0, 0, 0, 1, 2.6958392e-06, 4.3388297e-07, 0.050840713)
body_offset = Transform3D(0.99999416, -4.1415915e-06, -3.784895e-06, -8.046627e-07, -7.720664e-07, -0.99999684, 1.3615936e-06, 0.99999696, 4.6184286e-06, -2.503395e-06, 0.050840557, -6.686896e-07)
bone_name = "mixamorig_RightToeBase"
joint_constraints/bias = 0.3
joint_constraints/damping = 1.0
joint_constraints/impulse_clamp = 0.0

[node name="CollisionShape3D" type="CollisionShape3D" parent="Armature/Skeleton3D/PhysicalBoneSimulator3D/Physical Bone mixamorig_RightToeBase" index="0" unique_id=1065595958]
transform = Transform3D(1, 0, 0, 0, 0, 1, 0, -1, 0, 0, 0, 0)
shape = SubResource("CapsuleShape3D_00x83")

[node name="AnimationPlayer" parent="." index="1" unique_id=956786442]
libraries/ZombieAttack = ExtResource("2_yaogc")
libraries/ZombieWalking = ExtResource("3_siap5")
