[gd_scene format=3 uid="uid://7puyu0grl0iy"]

[ext_resource type="PackedScene" uid="uid://cvhgoyn3o8t7f" path="res://zombie/ZombieIdle.glb" id="1_blicy"]

[sub_resource type="CapsuleShape3D" id="CapsuleShape3D_blicy"]
radius = 0.010051864
height = 0.100518644

[sub_resource type="CapsuleShape3D" id="CapsuleShape3D_t3ikf"]
radius = 0.011727178
height = 0.11727177

[sub_resource type="CapsuleShape3D" id="CapsuleShape3D_yaogc"]
radius = 0.013402501
height = 0.13402501

[sub_resource type="CapsuleShape3D" id="CapsuleShape3D_siap5"]
radius = 0.0150777865
height = 0.15077786

[sub_resource type="CapsuleShape3D" id="CapsuleShape3D_e4xys"]
radius = 0.005679299
height = 0.05679299

[sub_resource type="CapsuleShape3D" id="CapsuleShape3D_m83i4"]
radius = 0.028226342
height = 0.28226343

[sub_resource type="CapsuleShape3D" id="CapsuleShape3D_v58xl"]
radius = 0.016917925
height = 0.16917925

[sub_resource type="CapsuleShape3D" id="CapsuleShape3D_dta2r"]
radius = 0.026587546
height = 0.26587546

[sub_resource type="CapsuleShape3D" id="CapsuleShape3D_sl83e"]
radius = 0.029053863
height = 0.29053864

[sub_resource type="CapsuleShape3D" id="CapsuleShape3D_uff4m"]
radius = 0.016917925
height = 0.16917925

[sub_resource type="CapsuleShape3D" id="CapsuleShape3D_ul75q"]
radius = 0.026380423
height = 0.26380423

[sub_resource type="CapsuleShape3D" id="CapsuleShape3D_qoau2"]
radius = 0.029038992
height = 0.29038993

[sub_resource type="CapsuleShape3D" id="CapsuleShape3D_f07ra"]
radius = 0.048912346
height = 0.48912346

[sub_resource type="CapsuleShape3D" id="CapsuleShape3D_8w532"]
radius = 0.04995071
height = 0.4995071

[sub_resource type="CapsuleShape3D" id="CapsuleShape3D_5nt0b"]
radius = 0.025984164
height = 0.25984165

[sub_resource type="CapsuleShape3D" id="CapsuleShape3D_0pu7s"]
radius = 0.010206337
height = 0.10206337

[sub_resource type="CapsuleShape3D" id="CapsuleShape3D_w4koy"]
radius = 0.048912983
height = 0.48912984

[sub_resource type="CapsuleShape3D" id="CapsuleShape3D_8nvl8"]
radius = 0.049818836
height = 0.49818838

[sub_resource type="CapsuleShape3D" id="CapsuleShape3D_8320b"]
radius = 0.025105173
height = 0.25105172

[sub_resource type="CapsuleShape3D" id="CapsuleShape3D_00x83"]
radius = 0.010167495
height = 0.10167495

[sub_resource type="CapsuleShape3D" id="CapsuleShape3D_kppw2"]
radius = 0.010051864
height = 0.100518644

[sub_resource type="CapsuleShape3D" id="CapsuleShape3D_jli3d"]
radius = 0.011727178
height = 0.11727177

[sub_resource type="CapsuleShape3D" id="CapsuleShape3D_s5kvr"]
radius = 0.013402501
height = 0.13402501

[sub_resource type="CapsuleShape3D" id="CapsuleShape3D_ta48h"]
radius = 0.0150777865
height = 0.15077786

[sub_resource type="CapsuleShape3D" id="CapsuleShape3D_xttbf"]
radius = 0.005679299
height = 0.05679299

[sub_resource type="CapsuleShape3D" id="CapsuleShape3D_3id8x"]
radius = 0.028226342
height = 0.28226343

[sub_resource type="CapsuleShape3D" id="CapsuleShape3D_hg0r3"]
radius = 0.016917925
height = 0.16917925

[sub_resource type="CapsuleShape3D" id="CapsuleShape3D_rk1fl"]
radius = 0.026587546
height = 0.26587546

[sub_resource type="CapsuleShape3D" id="CapsuleShape3D_pqmva"]
radius = 0.029053863
height = 0.29053864

[sub_resource type="CapsuleShape3D" id="CapsuleShape3D_o357f"]
radius = 0.016917925
height = 0.16917925

[sub_resource type="CapsuleShape3D" id="CapsuleShape3D_p7vx4"]
radius = 0.026380423
height = 0.26380423

[sub_resource type="CapsuleShape3D" id="CapsuleShape3D_6s3qk"]
radius = 0.029038992
height = 0.29038993

[sub_resource type="CapsuleShape3D" id="CapsuleShape3D_7pdqa"]
radius = 0.048912346
height = 0.48912346

[sub_resource type="CapsuleShape3D" id="CapsuleShape3D_lyd55"]
radius = 0.04995071
height = 0.4995071

[sub_resource type="CapsuleShape3D" id="CapsuleShape3D_2djs7"]
radius = 0.025984164
height = 0.25984165

[sub_resource type="CapsuleShape3D" id="CapsuleShape3D_fit8j"]
radius = 0.010206337
height = 0.10206337

[sub_resource type="CapsuleShape3D" id="CapsuleShape3D_gvdr7"]
radius = 0.048912983
height = 0.48912984

[sub_resource type="CapsuleShape3D" id="CapsuleShape3D_yanru"]
radius = 0.049818836
height = 0.49818838

[sub_resource type="CapsuleShape3D" id="CapsuleShape3D_vmixy"]
radius = 0.025105173
height = 0.25105172

[sub_resource type="CapsuleShape3D" id="CapsuleShape3D_0w8u0"]
radius = 0.010167495
height = 0.10167495

[sub_resource type="CapsuleShape3D" id="CapsuleShape3D_elcfr"]
radius = 0.010051864
height = 0.100518644

[sub_resource type="CapsuleShape3D" id="CapsuleShape3D_k6ivc"]
radius = 0.011727178
height = 0.11727177

[sub_resource type="CapsuleShape3D" id="CapsuleShape3D_q1156"]
radius = 0.013402501
height = 0.13402501

[sub_resource type="CapsuleShape3D" id="CapsuleShape3D_lps2g"]
radius = 0.0150777865
height = 0.15077786

[sub_resource type="CapsuleShape3D" id="CapsuleShape3D_cn5k6"]
radius = 0.005679299
height = 0.05679299

[sub_resource type="CapsuleShape3D" id="CapsuleShape3D_ck1my"]
radius = 0.028226342
height = 0.28226343

[sub_resource type="CapsuleShape3D" id="CapsuleShape3D_fe1xt"]
radius = 0.016917925
height = 0.16917925

[sub_resource type="CapsuleShape3D" id="CapsuleShape3D_g3o4q"]
radius = 0.026587546
height = 0.26587546

[sub_resource type="CapsuleShape3D" id="CapsuleShape3D_imxpd"]
radius = 0.029053863
height = 0.29053864

[sub_resource type="CapsuleShape3D" id="CapsuleShape3D_e3ukt"]
radius = 0.016917925
height = 0.16917925

[sub_resource type="CapsuleShape3D" id="CapsuleShape3D_4e2x7"]
radius = 0.026380423
height = 0.26380423

[sub_resource type="CapsuleShape3D" id="CapsuleShape3D_mb52o"]
radius = 0.029038992
height = 0.29038993

[sub_resource type="CapsuleShape3D" id="CapsuleShape3D_0j0pj"]
radius = 0.048912346
height = 0.48912346

[sub_resource type="CapsuleShape3D" id="CapsuleShape3D_pqqj5"]
radius = 0.04995071
height = 0.4995071

[sub_resource type="CapsuleShape3D" id="CapsuleShape3D_iow65"]
radius = 0.025984164
height = 0.25984165

[sub_resource type="CapsuleShape3D" id="CapsuleShape3D_lndyt"]
radius = 0.010206337
height = 0.10206337

[sub_resource type="CapsuleShape3D" id="CapsuleShape3D_4nnlg"]
radius = 0.048912983
height = 0.48912984

[sub_resource type="CapsuleShape3D" id="CapsuleShape3D_xtes1"]
radius = 0.049818836
height = 0.49818838

[sub_resource type="CapsuleShape3D" id="CapsuleShape3D_ycwns"]
radius = 0.025105173
height = 0.25105172

[sub_resource type="CapsuleShape3D" id="CapsuleShape3D_scd36"]
radius = 0.010167495
height = 0.10167495

[node name="ZombieIdle" unique_id=178024511 instance=ExtResource("1_blicy")]

[node name="PhysicalBoneSimulator3D" type="PhysicalBoneSimulator3D" parent="Armature/Skeleton3D" parent_id_path=PackedInt32Array(1728859461) index="1" unique_id=772350103]

[node name="Physical Bone mixamorig_Hips" type="PhysicalBone3D" parent="Armature/Skeleton3D/PhysicalBoneSimulator3D" index="0" unique_id=407078833]
transform = Transform3D(1, 2.1336997e-07, -1.202352e-07, -2.0116565e-07, 0.99560076, 0.09369693, 1.3969836e-07, -0.09369692, 0.9956008, 4.4703484e-08, 0.005660697, -1.1978072)
joint_offset = Transform3D(1, 0, 0, 0, 1, 0, 0, 0, 1, -3.8660247e-08, -4.7218055e-07, 0.050260946)
body_offset = Transform3D(1, 2.1336997e-07, -1.2023519e-07, -1.3969837e-07, 0.09369693, -0.9956009, -2.0116565e-07, 0.99560076, 0.09369693, 4.4703484e-08, 0.050039887, -0.0047088265)
bone_name = "mixamorig_Hips"

[node name="CollisionShape3D" type="CollisionShape3D" parent="Armature/Skeleton3D/PhysicalBoneSimulator3D/Physical Bone mixamorig_Hips" index="0" unique_id=2107877069]
transform = Transform3D(1, 0, 0, 0, 0, 1, 0, -1, 0, 0, 0, 0)
shape = SubResource("CapsuleShape3D_blicy")

[node name="Physical Bone mixamorig_Spine" type="PhysicalBone3D" parent="Armature/Skeleton3D/PhysicalBoneSimulator3D" index="1" unique_id=1160082761]
transform = Transform3D(1, 2.9802319e-08, -2.3283302e-09, -2.9453055e-08, 0.9956008, 0.09369649, 5.1104596e-09, -0.09369648, 0.9956009, 8.195639e-08, -0.0045423247, -1.3062395)
joint_type = 1
joint_offset = Transform3D(1, 0, 0, 0, 1, 0, 0, 0, 1, -8.1819756e-08, -2.125314e-06, 0.05865358)
body_offset = Transform3D(1, 2.9802317e-08, -2.3283315e-09, -2.3283064e-09, -8.493662e-07, -1.0000002, -2.9802322e-08, 1.0000001, -8.5681677e-07, 8.195639e-08, 0.058653593, 2.1755695e-06)
bone_name = "mixamorig_Spine"
joint_constraints/bias = 0.3
joint_constraints/damping = 1.0
joint_constraints/impulse_clamp = 0.0

[node name="CollisionShape3D" type="CollisionShape3D" parent="Armature/Skeleton3D/PhysicalBoneSimulator3D/Physical Bone mixamorig_Spine" index="0" unique_id=313696857]
transform = Transform3D(1, 0, 0, 0, 0, 1, 0, -1, 0, 0, 0, 0)
shape = SubResource("CapsuleShape3D_t3ikf")

[node name="Physical Bone mixamorig_Spine1" type="PhysicalBone3D" parent="Armature/Skeleton3D/PhysicalBoneSimulator3D" index="2" unique_id=268501220]
transform = Transform3D(1, 1.6391316e-07, 3.259782e-09, -1.6349746e-07, 0.99560064, 0.09369865, 1.2112999e-08, -0.09369865, 0.99560064, 1.4901159e-08, -0.016315766, -1.4313173)
joint_type = 1
joint_offset = Transform3D(1, 0, 0, 0, 1, 0, 0, 0, 1, -1.5119594e-08, -8.491663e-08, 0.06701253)
body_offset = Transform3D(1, 1.6391316e-07, 3.259783e-09, 3.2595562e-09, 1.3783574e-06, -1.0000002, -1.6391317e-07, 1.0000001, 1.3783574e-06, 1.4901161e-08, 0.06701255, -7.450581e-09)
bone_name = "mixamorig_Spine1"
joint_constraints/bias = 0.3
joint_constraints/damping = 1.0
joint_constraints/impulse_clamp = 0.0

[node name="CollisionShape3D" type="CollisionShape3D" parent="Armature/Skeleton3D/PhysicalBoneSimulator3D/Physical Bone mixamorig_Spine1" index="0" unique_id=680379122]
transform = Transform3D(1, 0, 0, 0, 0, 1, 0, -1, 0, 0, 0, 0)
shape = SubResource("CapsuleShape3D_yaogc")

[node name="Physical Bone mixamorig_Spine2" type="PhysicalBone3D" parent="Armature/Skeleton3D/PhysicalBoneSimulator3D" index="3" unique_id=326841655]
transform = Transform3D(1, -4.91741e-07, -2.3287399e-09, 4.8979587e-07, 0.9956006, 0.09369861, -4.375696e-08, -0.093698606, 0.99560064, 1.862643e-09, -0.029656483, -1.573092)
joint_type = 1
joint_offset = Transform3D(1, 0, 0, 0, 1, 0, 0, 0, 1, -1.6880602e-09, -1.983292e-06, 0.075388536)
body_offset = Transform3D(1, -4.9174105e-07, -2.3287376e-09, -2.3280897e-09, 1.3113022e-06, -1.0000002, 4.917411e-07, 1.0000002, 1.3038516e-06, 1.8626451e-09, 0.07538855, 1.8849969e-06)
bone_name = "mixamorig_Spine2"
joint_constraints/bias = 0.3
joint_constraints/damping = 1.0
joint_constraints/impulse_clamp = 0.0

[node name="CollisionShape3D" type="CollisionShape3D" parent="Armature/Skeleton3D/PhysicalBoneSimulator3D/Physical Bone mixamorig_Spine2" index="0" unique_id=1642185246]
transform = Transform3D(1, 0, 0, 0, 0, 1, 0, -1, 0, 0, 0, 0)
shape = SubResource("CapsuleShape3D_siap5")

[node name="Physical Bone mixamorig_Neck" type="PhysicalBone3D" parent="Armature/Skeleton3D/PhysicalBoneSimulator3D" index="4" unique_id=281015995]
transform = Transform3D(-1, 1.2025294e-08, -2.726849e-08, -4.4408916e-16, -0.91497886, -0.40350196, -2.9802317e-08, -0.40350196, 0.91497886, -2.9057264e-07, -0.025265507, -1.6741399)
joint_type = 1
joint_offset = Transform3D(1, 0, 0, 0, 1, 0, 0, 0, 1, -2.9134722e-07, -4.5858324e-06, 0.028403401)
body_offset = Transform3D(-1, 1.2025293e-08, -2.7268488e-08, 2.9802322e-08, 0.40350202, -0.91497904, 5.293956e-23, -0.914979, -0.40350196, -2.9057264e-07, 0.025990367, 0.011456633)
bone_name = "mixamorig_Neck"
joint_constraints/bias = 0.3
joint_constraints/damping = 1.0
joint_constraints/impulse_clamp = 0.0

[node name="CollisionShape3D" type="CollisionShape3D" parent="Armature/Skeleton3D/PhysicalBoneSimulator3D/Physical Bone mixamorig_Neck" index="0" unique_id=1251266325]
transform = Transform3D(1, 0, 0, 0, 0, 1, 0, -1, 0, 0, 0, 0)
shape = SubResource("CapsuleShape3D_e4xys")

[node name="Physical Bone mixamorig_Head" type="PhysicalBone3D" parent="Armature/Skeleton3D/PhysicalBoneSimulator3D" index="5" unique_id=1992098186]
transform = Transform3D(-1, -1.6354867e-06, -1.4447886e-06, 2.0794103e-06, -0.91497904, -0.4035015, -6.620299e-07, -0.4035015, 0.91497904, 2.30968e-07, 0.043133378, -1.8293195)
joint_type = 1
joint_offset = Transform3D(1, 0, 0, 0, 1, 0, 0, 0, 1, 2.7028086e-08, -3.5304576e-05, 0.14119554)
body_offset = Transform3D(-1, -1.6354868e-06, -1.4447884e-06, 6.6202995e-07, 0.40350157, -0.9149792, 2.0794105e-06, -0.91497916, -0.4035015, 2.30968e-07, 0.12920523, 0.05694031)
bone_name = "mixamorig_Head"
joint_constraints/bias = 0.3
joint_constraints/damping = 1.0
joint_constraints/impulse_clamp = 0.0

[node name="CollisionShape3D" type="CollisionShape3D" parent="Armature/Skeleton3D/PhysicalBoneSimulator3D/Physical Bone mixamorig_Head" index="0" unique_id=222339558]
transform = Transform3D(1, 0, 0, 0, 0, 1, 0, -1, 0, 0, 0, 0)
shape = SubResource("CapsuleShape3D_m83i4")

[node name="Physical Bone mixamorig_LeftShoulder" type="PhysicalBone3D" parent="Armature/Skeleton3D/PhysicalBoneSimulator3D" index="6" unique_id=1476451661]
transform = Transform3D(-0.015492302, -0.32757565, -0.9446979, -0.99549973, 0.09339352, -0.016058948, 0.09348918, 0.9401978, -0.32754835, 0.1608513, -0.034005307, -1.5928869)
joint_type = 1
joint_offset = Transform3D(1, 0, 0, 0, 1, 0, 0, 0, 1, -8.540337e-08, -8.709984e-07, 0.084589)
body_offset = Transform3D(1.0000005, -2.7492642e-06, -2.2351742e-07, -2.7008355e-07, 6.5681525e-07, -1.0000001, 2.8014183e-06, 1.0000005, 4.3190084e-07, 1.0430813e-07, 0.084589005, 8.34465e-07)
bone_name = "mixamorig_LeftShoulder"
joint_constraints/bias = 0.3
joint_constraints/damping = 1.0
joint_constraints/impulse_clamp = 0.0

[node name="CollisionShape3D" type="CollisionShape3D" parent="Armature/Skeleton3D/PhysicalBoneSimulator3D/Physical Bone mixamorig_LeftShoulder" index="0" unique_id=294870995]
transform = Transform3D(1, 0, 0, 0, 0, 1, 0, -1, 0, 0, 0, 0)
shape = SubResource("CapsuleShape3D_v58xl")

[node name="Physical Bone mixamorig_LeftArm" type="PhysicalBone3D" parent="Armature/Skeleton3D/PhysicalBoneSimulator3D" index="7" unique_id=1923567565]
transform = Transform3D(0.11564425, -0.8722551, -0.4751816, -0.95095086, -0.23540753, 0.20068838, -0.28691277, 0.42866588, -0.85669523, 0.3039332, -0.059325803, -1.4512929)
joint_type = 1
joint_offset = Transform3D(1, 0, 0, 0, 1, 0, 0, 0, 1, 9.7065374e-08, -3.367569e-08, 0.13293773)
body_offset = Transform3D(1.0000005, 6.109476e-07, -7.301569e-07, -7.748604e-07, 4.8428774e-07, -1.0000005, -4.7683716e-07, 1.0000004, 2.5331974e-07, 0, 0.13293779, 0)
bone_name = "mixamorig_LeftArm"
joint_constraints/bias = 0.3
joint_constraints/damping = 1.0
joint_constraints/impulse_clamp = 0.0

[node name="CollisionShape3D" type="CollisionShape3D" parent="Armature/Skeleton3D/PhysicalBoneSimulator3D/Physical Bone mixamorig_LeftArm" index="0" unique_id=144450828]
transform = Transform3D(1, 0, 0, 0, 0, 1, 0, -1, 0, 0, 0, 0)
shape = SubResource("CapsuleShape3D_dta2r")

[node name="Physical Bone mixamorig_LeftForeArm" type="PhysicalBone3D" parent="Armature/Skeleton3D/PhysicalBoneSimulator3D" index="8" unique_id=1871856021]
transform = Transform3D(0.25550085, -0.9230552, -0.28755593, -0.9667462, -0.2473082, -0.06511894, -0.011006568, 0.29463154, -0.95554763, 0.40887526, -0.07654495, -1.1985948)
joint_type = 1
joint_offset = Transform3D(1, 0, 0, 0, 1, 0, 0, 0, 1, 1.630057e-07, -2.9009996e-07, 0.14526848)
body_offset = Transform3D(1.0000004, 1.3411045e-07, -5.066395e-07, -4.8428774e-07, 4.8428774e-07, -1.0000005, 4.4703484e-08, 1.0000004, 3.5576522e-07, -8.940697e-08, 0.14526856, 2.3841858e-07)
bone_name = "mixamorig_LeftForeArm"
joint_constraints/bias = 0.3
joint_constraints/damping = 1.0
joint_constraints/impulse_clamp = 0.0

[node name="CollisionShape3D" type="CollisionShape3D" parent="Armature/Skeleton3D/PhysicalBoneSimulator3D/Physical Bone mixamorig_LeftForeArm" index="0" unique_id=1848277725]
transform = Transform3D(1, 0, 0, 0, 0, 1, 0, -1, 0, 0, 0, 0)
shape = SubResource("CapsuleShape3D_sl83e")

[node name="Physical Bone mixamorig_RightShoulder" type="PhysicalBone3D" parent="Armature/Skeleton3D/PhysicalBoneSimulator3D" index="9" unique_id=1831421358]
transform = Transform3D(-0.049204018, 0.32423028, 0.94469774, 0.994435, 0.10412088, 0.016059164, -0.09315588, 0.9402306, -0.32754913, -0.16085213, -0.039439023, -1.5928875)
joint_type = 1
joint_offset = Transform3D(1, 0, 0, 0, 1, 0, 0, 0, 1, -1.3707758e-08, 2.2225858e-08, 0.08458959)
body_offset = Transform3D(1, 1.4156103e-07, 1.6205013e-07, 2.6077032e-08, -2.4423935e-07, -1.0000001, 0, 1.0000002, -2.6274938e-07, 0, 0.0845896, 0)
bone_name = "mixamorig_RightShoulder"
joint_constraints/bias = 0.3
joint_constraints/damping = 1.0
joint_constraints/impulse_clamp = 0.0

[node name="CollisionShape3D" type="CollisionShape3D" parent="Armature/Skeleton3D/PhysicalBoneSimulator3D/Physical Bone mixamorig_RightShoulder" index="0" unique_id=624121223]
transform = Transform3D(1, 0, 0, 0, 0, 1, 0, -1, 0, 0, 0, 0)
shape = SubResource("CapsuleShape3D_uff4m")

[node name="Physical Bone mixamorig_RightArm" type="PhysicalBone3D" parent="Armature/Skeleton3D/PhysicalBoneSimulator3D" index="10" unique_id=1724416792]
transform = Transform3D(0.056405134, 0.87604946, 0.4789112, 0.9759587, -0.14952679, 0.15857588, 0.21053034, 0.45845306, -0.86342216, -0.3039333, -0.061714098, -1.4512929)
joint_type = 1
joint_offset = Transform3D(1, 0, 0, 0, 1, 0, 0, 0, 1, 1.5033736e-07, 4.6383832e-08, 0.1319023)
body_offset = Transform3D(1.0000002, -8.940697e-08, -4.61936e-07, -4.3213367e-07, -1.1585653e-06, -1.0000002, 3.1292439e-07, 1.0000002, -1.2554228e-06, -8.940697e-08, 0.13190234, 1.1920929e-07)
bone_name = "mixamorig_RightArm"
joint_constraints/bias = 0.3
joint_constraints/damping = 1.0
joint_constraints/impulse_clamp = 0.0

[node name="CollisionShape3D" type="CollisionShape3D" parent="Armature/Skeleton3D/PhysicalBoneSimulator3D/Physical Bone mixamorig_RightArm" index="0" unique_id=974682574]
transform = Transform3D(1, 0, 0, 0, 0, 1, 0, -1, 0, 0, 0, 0)
shape = SubResource("CapsuleShape3D_ul75q")

[node name="Physical Bone mixamorig_RightForeArm" type="PhysicalBone3D" parent="Armature/Skeleton3D/PhysicalBoneSimulator3D" index="11" unique_id=821620783]
transform = Transform3D(0.17170645, 0.9421893, 0.28774336, 0.98512465, -0.16219722, -0.056758154, -0.0068057533, 0.29320884, -0.9560242, -0.40887582, -0.074390516, -1.1985942)
joint_type = 1
joint_offset = Transform3D(1, 0, 0, 0, 1, 0, 0, 0, 1, 4.816285e-09, -6.2744734e-06, 0.14519508)
body_offset = Transform3D(1.0000001, 2.2351742e-07, -2.3841858e-07, -2.2724271e-07, 4.308019e-05, -1.0000004, 0, 1.0000001, 4.2803586e-05, 2.9802322e-08, 0.14519513, 5.9604645e-08)
bone_name = "mixamorig_RightForeArm"
joint_constraints/bias = 0.3
joint_constraints/damping = 1.0
joint_constraints/impulse_clamp = 0.0

[node name="CollisionShape3D" type="CollisionShape3D" parent="Armature/Skeleton3D/PhysicalBoneSimulator3D/Physical Bone mixamorig_RightForeArm" index="0" unique_id=1581452673]
transform = Transform3D(1, 0, 0, 0, 0, 1, 0, -1, 0, 0, 0, 0)
shape = SubResource("CapsuleShape3D_qoau2")

[node name="Physical Bone mixamorig_LeftUpLeg" type="PhysicalBone3D" parent="Armature/Skeleton3D/PhysicalBoneSimulator3D" index="12" unique_id=50171502]
transform = Transform3D(-0.9981484, -1.235143e-05, -0.06082678, -0.003552259, 0.99830514, 0.05808874, 0.060722966, 0.058197252, -0.9964567, 0.13601483, -0.0050910506, -0.84850055)
joint_type = 1
joint_offset = Transform3D(1, 0, 0, 0, 1, 0, 0, 0, 1, -7.466286e-07, 1.563457e-06, 0.24456215)
body_offset = Transform3D(0.99999374, 2.3283064e-10, 6.4028427e-09, 1.3111276e-08, 1.3783574e-07, -1.0000002, -2.3283064e-10, 0.9999942, 1.2665987e-07, 7.4505806e-07, 0.24456221, -1.5944242e-06)
bone_name = "mixamorig_LeftUpLeg"
joint_constraints/bias = 0.3
joint_constraints/damping = 1.0
joint_constraints/impulse_clamp = 0.0

[node name="CollisionShape3D" type="CollisionShape3D" parent="Armature/Skeleton3D/PhysicalBoneSimulator3D/Physical Bone mixamorig_LeftUpLeg" index="0" unique_id=238468366]
transform = Transform3D(1, 0, 0, 0, 0, 1, 0, -1, 0, 0, 0, 0)
shape = SubResource("CapsuleShape3D_f07ra")

[node name="Physical Bone mixamorig_LeftLeg" type="PhysicalBone3D" parent="Armature/Skeleton3D/PhysicalBoneSimulator3D" index="13" unique_id=1503732670]
transform = Transform3D(-0.99741596, 0.0064790756, -0.07155004, -0.0041862493, 0.98899156, 0.14791302, 0.07172072, 0.14783034, -0.9864088, 0.16876353, -0.05624279, -0.3584094)
joint_type = 1
joint_offset = Transform3D(1, 0, 0, 0, 1, 0, 0, 0, 1, -4.9179755e-07, -2.721435e-07, 0.24979131)
body_offset = Transform3D(0.9999937, -3.3620745e-07, -5.9430022e-08, 9.42382e-08, 1.4901161e-07, -1.0000002, 3.4924597e-07, 0.99999434, -9.3877316e-07, 5.066395e-07, 0.24979135, 5.066395e-07)
bone_name = "mixamorig_LeftLeg"
joint_constraints/bias = 0.3
joint_constraints/damping = 1.0
joint_constraints/impulse_clamp = 0.0

[node name="CollisionShape3D" type="CollisionShape3D" parent="Armature/Skeleton3D/PhysicalBoneSimulator3D/Physical Bone mixamorig_LeftLeg" index="0" unique_id=1779197949]
transform = Transform3D(1, 0, 0, 0, 0, 1, 0, -1, 0, 0, 0, 0)
shape = SubResource("CapsuleShape3D_8w532")

[node name="Physical Bone mixamorig_LeftFoot" type="PhysicalBone3D" parent="Armature/Skeleton3D/PhysicalBoneSimulator3D" index="14" unique_id=1822979476]
transform = Transform3D(-0.99330264, -0.0928875, 0.06871541, -0.100515656, 0.40141502, -0.91036403, 0.056978043, -0.9111739, -0.40806323, 0.17770076, 0.025096431, -0.059071958)
joint_type = 1
joint_offset = Transform3D(1, 0, 0, 0, 1, 0, 0, 0, 1, -2.8033717e-06, -7.1467105e-07, 0.12992184)
body_offset = Transform3D(0.9999938, -2.3841858e-07, 1.4901161e-08, -5.9604645e-08, -2.3841858e-07, -0.9999948, 1.6763806e-07, 0.9999995, 3.6656857e-06, 2.8014183e-06, 0.12992115, 2.3841858e-07)
bone_name = "mixamorig_LeftFoot"
joint_constraints/bias = 0.3
joint_constraints/damping = 1.0
joint_constraints/impulse_clamp = 0.0

[node name="CollisionShape3D" type="CollisionShape3D" parent="Armature/Skeleton3D/PhysicalBoneSimulator3D/Physical Bone mixamorig_LeftFoot" index="0" unique_id=400580487]
transform = Transform3D(1, 0, 0, 0, 0, 1, 0, -1, 0, 0, 0, 0)
shape = SubResource("CapsuleShape3D_5nt0b")

[node name="Physical Bone mixamorig_LeftToeBase" type="PhysicalBone3D" parent="Armature/Skeleton3D/PhysicalBoneSimulator3D" index="15" unique_id=1525391566]
transform = Transform3D(-0.9938881, -0.06467479, 0.08946319, -0.09220882, 0.040788177, -0.994904, 0.06069616, -0.99707246, -0.04650247, 0.16420794, 0.19414379, -0.0036825524)
joint_type = 1
joint_offset = Transform3D(1, 0, 0, 0, 1, 0, 0, 0, 1, -2.5486563e-06, 4.8674036e-07, 0.051031724)
body_offset = Transform3D(0.99999386, -2.7311035e-07, 8.866191e-07, 8.121133e-07, 1.8253922e-07, -0.99999416, 1.8975697e-07, 1.0000001, -2.9802322e-08, 2.503395e-06, 0.051031426, -4.8521906e-07)
bone_name = "mixamorig_LeftToeBase"
joint_constraints/bias = 0.3
joint_constraints/damping = 1.0
joint_constraints/impulse_clamp = 0.0

[node name="CollisionShape3D" type="CollisionShape3D" parent="Armature/Skeleton3D/PhysicalBoneSimulator3D/Physical Bone mixamorig_LeftToeBase" index="0" unique_id=572865919]
transform = Transform3D(1, 0, 0, 0, 0, 1, 0, -1, 0, 0, 0, 0)
shape = SubResource("CapsuleShape3D_0pu7s")

[node name="Physical Bone mixamorig_RightUpLeg" type="PhysicalBone3D" parent="Armature/Skeleton3D/PhysicalBoneSimulator3D" index="16" unique_id=1100913305]
transform = Transform3D(-0.9981484, 1.1455656e-05, 0.060825914, 0.0035655752, 0.99829143, 0.05832279, -0.06072132, 0.05843168, -0.99644303, -0.13601504, -0.0057862196, -0.8485111)
joint_type = 1
joint_offset = Transform3D(1, 0, 0, 0, 1, 0, 0, 0, 1, -1.0623871e-07, 3.113831e-06, 0.24455506)
body_offset = Transform3D(0.9999933, 3.3178367e-07, 7.887138e-09, -7.377821e-09, 5.569309e-06, -1, -3.3178367e-07, 0.99999386, 5.5469573e-06, 1.0430813e-07, 0.24455506, -4.4703484e-06)
bone_name = "mixamorig_RightUpLeg"
joint_constraints/bias = 0.3
joint_constraints/damping = 1.0
joint_constraints/impulse_clamp = 0.0

[node name="CollisionShape3D" type="CollisionShape3D" parent="Armature/Skeleton3D/PhysicalBoneSimulator3D/Physical Bone mixamorig_RightUpLeg" index="0" unique_id=574304759]
transform = Transform3D(1, 0, 0, 0, 0, 1, 0, -1, 0, 0, 0, 0)
shape = SubResource("CapsuleShape3D_w4koy")

[node name="Physical Bone mixamorig_RightLeg" type="PhysicalBone3D" parent="Armature/Skeleton3D/PhysicalBoneSimulator3D" index="17" unique_id=955367173]
transform = Transform3D(-0.9974103, -0.00511276, 0.07173961, 0.0042059314, 0.99161655, 0.12914675, -0.07179847, 0.12911403, -0.9890271, -0.16876662, -0.052220583, -0.3584084)
joint_type = 1
joint_offset = Transform3D(1, 0, 0, 0, 1, 0, 0, 0, 1, -2.61745e-06, 1.3772291e-06, 0.24913162)
body_offset = Transform3D(0.9999934, -8.181669e-07, 3.905734e-08, -1.1891825e-07, -4.4703484e-07, -1, 8.074567e-07, 0.99999404, -1.3113022e-06, 2.6077032e-06, 0.24913162, -1.0505319e-06)
bone_name = "mixamorig_RightLeg"
joint_constraints/bias = 0.3
joint_constraints/damping = 1.0
joint_constraints/impulse_clamp = 0.0

[node name="CollisionShape3D" type="CollisionShape3D" parent="Armature/Skeleton3D/PhysicalBoneSimulator3D/Physical Bone mixamorig_RightLeg" index="0" unique_id=1136813190]
transform = Transform3D(1, 0, 0, 0, 0, 1, 0, -1, 0, 0, 0, 0)
shape = SubResource("CapsuleShape3D_8nvl8")

[node name="Physical Bone mixamorig_RightFoot" type="PhysicalBone3D" parent="Armature/Skeleton3D/PhysicalBoneSimulator3D" index="18" unique_id=1405532556]
transform = Transform3D(-0.99272674, 0.09713194, -0.071127154, 0.105360195, 0.41510078, -0.90365404, -0.058248725, -0.90457547, -0.42231548, -0.17770319, 0.029048279, -0.059073158)
joint_type = 1
joint_offset = Transform3D(1, 0, 0, 0, 1, 0, 0, 0, 1, -3.7148283e-07, -8.1475093e-07, 0.12552662)
body_offset = Transform3D(0.9999933, 9.611249e-07, 3.3155084e-06, 3.4049153e-06, 8.34465e-07, -0.9999949, -8.791685e-07, 0.9999992, 5.00679e-06, -4.4703484e-08, 0.12552598, 1.8626451e-07)
bone_name = "mixamorig_RightFoot"
joint_constraints/bias = 0.3
joint_constraints/damping = 1.0
joint_constraints/impulse_clamp = 0.0

[node name="CollisionShape3D" type="CollisionShape3D" parent="Armature/Skeleton3D/PhysicalBoneSimulator3D/Physical Bone mixamorig_RightFoot" index="0" unique_id=799753825]
transform = Transform3D(1, 0, 0, 0, 0, 1, 0, -1, 0, 0, 0, 0)
shape = SubResource("CapsuleShape3D_8320b")

[node name="Physical Bone mixamorig_RightToeBase" type="PhysicalBone3D" parent="Armature/Skeleton3D/PhysicalBoneSimulator3D" index="19" unique_id=1898530435]
transform = Transform3D(-0.99362487, 0.06814802, -0.089808255, 0.09270417, 0.040587783, -0.99486613, -0.064153045, -0.99684924, -0.046646643, -0.16420962, 0.19305773, -0.0036904418)
joint_type = 1
joint_offset = Transform3D(1, 0, 0, 0, 1, 0, 0, 0, 1, 7.575471e-09, -9.556161e-09, 0.05083777)
body_offset = Transform3D(0.99999326, 1.094304e-07, -1.4901161e-07, -4.4703484e-08, 3.1292439e-07, -0.99999434, 3.1199306e-08, 1.0000002, 1.7881393e-07, 0, 0.050837487, 4.656613e-10)
bone_name = "mixamorig_RightToeBase"
joint_constraints/bias = 0.3
joint_constraints/damping = 1.0
joint_constraints/impulse_clamp = 0.0

[node name="CollisionShape3D" type="CollisionShape3D" parent="Armature/Skeleton3D/PhysicalBoneSimulator3D/Physical Bone mixamorig_RightToeBase" index="0" unique_id=1065595958]
transform = Transform3D(1, 0, 0, 0, 0, 1, 0, -1, 0, 0, 0, 0)
shape = SubResource("CapsuleShape3D_00x83")

[node name="PhysicalBoneSimulator3D2" type="PhysicalBoneSimulator3D" parent="Armature/Skeleton3D" parent_id_path=PackedInt32Array(1728859461) index="3" unique_id=11622601]

[node name="Physical Bone mixamorig_Hips" type="PhysicalBone3D" parent="Armature/Skeleton3D/PhysicalBoneSimulator3D2" index="0" unique_id=323627064]
transform = Transform3D(1, 2.1336997e-07, -1.202352e-07, -2.0116565e-07, 0.99560076, 0.09369693, 1.3969836e-07, -0.09369692, 0.9956008, 4.4703484e-08, 0.005660697, -1.1978072)
joint_offset = Transform3D(1, 0, 0, 0, 1, 0, 0, 0, 1, -3.8660247e-08, -4.7218055e-07, 0.050260946)
body_offset = Transform3D(1, 2.1336997e-07, -1.2023519e-07, -1.3969837e-07, 0.09369693, -0.9956009, -2.0116565e-07, 0.99560076, 0.09369693, 4.4703484e-08, 0.050039887, -0.0047088265)
bone_name = "mixamorig_Hips"

[node name="CollisionShape3D" type="CollisionShape3D" parent="Armature/Skeleton3D/PhysicalBoneSimulator3D2/Physical Bone mixamorig_Hips" index="0" unique_id=1444471344]
transform = Transform3D(1, 0, 0, 0, 0, 1, 0, -1, 0, 0, 0, 0)
shape = SubResource("CapsuleShape3D_kppw2")

[node name="Physical Bone mixamorig_Spine" type="PhysicalBone3D" parent="Armature/Skeleton3D/PhysicalBoneSimulator3D2" index="1" unique_id=1986466991]
transform = Transform3D(1, 2.9802319e-08, -2.3283302e-09, -2.9453055e-08, 0.9956008, 0.09369649, 5.1104596e-09, -0.09369648, 0.9956009, 8.195639e-08, -0.0045423247, -1.3062395)
joint_type = 1
joint_offset = Transform3D(1, 0, 0, 0, 1, 0, 0, 0, 1, -8.1819756e-08, -2.125314e-06, 0.05865358)
body_offset = Transform3D(1, 2.9802317e-08, -2.3283315e-09, -2.3283064e-09, -8.493662e-07, -1.0000002, -2.9802322e-08, 1.0000001, -8.5681677e-07, 8.195639e-08, 0.058653593, 2.1755695e-06)
bone_name = "mixamorig_Spine"
joint_constraints/bias = 0.3
joint_constraints/damping = 1.0
joint_constraints/impulse_clamp = 0.0

[node name="CollisionShape3D" type="CollisionShape3D" parent="Armature/Skeleton3D/PhysicalBoneSimulator3D2/Physical Bone mixamorig_Spine" index="0" unique_id=210416712]
transform = Transform3D(1, 0, 0, 0, 0, 1, 0, -1, 0, 0, 0, 0)
shape = SubResource("CapsuleShape3D_jli3d")

[node name="Physical Bone mixamorig_Spine1" type="PhysicalBone3D" parent="Armature/Skeleton3D/PhysicalBoneSimulator3D2" index="2" unique_id=822935301]
transform = Transform3D(1, 1.6391316e-07, 3.259782e-09, -1.6349746e-07, 0.99560064, 0.09369865, 1.2112999e-08, -0.09369865, 0.99560064, 1.4901159e-08, -0.016315766, -1.4313173)
joint_type = 1
joint_offset = Transform3D(1, 0, 0, 0, 1, 0, 0, 0, 1, -1.5119594e-08, -8.491663e-08, 0.06701253)
body_offset = Transform3D(1, 1.6391316e-07, 3.259783e-09, 3.2595562e-09, 1.3783574e-06, -1.0000002, -1.6391317e-07, 1.0000001, 1.3783574e-06, 1.4901161e-08, 0.06701255, -7.450581e-09)
bone_name = "mixamorig_Spine1"
joint_constraints/bias = 0.3
joint_constraints/damping = 1.0
joint_constraints/impulse_clamp = 0.0

[node name="CollisionShape3D" type="CollisionShape3D" parent="Armature/Skeleton3D/PhysicalBoneSimulator3D2/Physical Bone mixamorig_Spine1" index="0" unique_id=100465453]
transform = Transform3D(1, 0, 0, 0, 0, 1, 0, -1, 0, 0, 0, 0)
shape = SubResource("CapsuleShape3D_s5kvr")

[node name="Physical Bone mixamorig_Spine2" type="PhysicalBone3D" parent="Armature/Skeleton3D/PhysicalBoneSimulator3D2" index="3" unique_id=112689407]
transform = Transform3D(1, -4.91741e-07, -2.3287399e-09, 4.8979587e-07, 0.9956006, 0.09369861, -4.375696e-08, -0.093698606, 0.99560064, 1.862643e-09, -0.029656483, -1.573092)
joint_type = 1
joint_offset = Transform3D(1, 0, 0, 0, 1, 0, 0, 0, 1, -1.6880602e-09, -1.983292e-06, 0.075388536)
body_offset = Transform3D(1, -4.9174105e-07, -2.3287376e-09, -2.3280897e-09, 1.3113022e-06, -1.0000002, 4.917411e-07, 1.0000002, 1.3038516e-06, 1.8626451e-09, 0.07538855, 1.8849969e-06)
bone_name = "mixamorig_Spine2"
joint_constraints/bias = 0.3
joint_constraints/damping = 1.0
joint_constraints/impulse_clamp = 0.0

[node name="CollisionShape3D" type="CollisionShape3D" parent="Armature/Skeleton3D/PhysicalBoneSimulator3D2/Physical Bone mixamorig_Spine2" index="0" unique_id=1491966376]
transform = Transform3D(1, 0, 0, 0, 0, 1, 0, -1, 0, 0, 0, 0)
shape = SubResource("CapsuleShape3D_ta48h")

[node name="Physical Bone mixamorig_Neck" type="PhysicalBone3D" parent="Armature/Skeleton3D/PhysicalBoneSimulator3D2" index="4" unique_id=1326939967]
transform = Transform3D(-1, 1.2025294e-08, -2.726849e-08, -4.4408916e-16, -0.91497886, -0.40350196, -2.9802317e-08, -0.40350196, 0.91497886, -2.9057264e-07, -0.025265507, -1.6741399)
joint_type = 1
joint_offset = Transform3D(1, 0, 0, 0, 1, 0, 0, 0, 1, -2.9134722e-07, -4.5858324e-06, 0.028403401)
body_offset = Transform3D(-1, 1.2025293e-08, -2.7268488e-08, 2.9802322e-08, 0.40350202, -0.91497904, 5.293956e-23, -0.914979, -0.40350196, -2.9057264e-07, 0.025990367, 0.011456633)
bone_name = "mixamorig_Neck"
joint_constraints/bias = 0.3
joint_constraints/damping = 1.0
joint_constraints/impulse_clamp = 0.0

[node name="CollisionShape3D" type="CollisionShape3D" parent="Armature/Skeleton3D/PhysicalBoneSimulator3D2/Physical Bone mixamorig_Neck" index="0" unique_id=2090115254]
transform = Transform3D(1, 0, 0, 0, 0, 1, 0, -1, 0, 0, 0, 0)
shape = SubResource("CapsuleShape3D_xttbf")

[node name="Physical Bone mixamorig_Head" type="PhysicalBone3D" parent="Armature/Skeleton3D/PhysicalBoneSimulator3D2" index="5" unique_id=1403341228]
transform = Transform3D(-1, -1.5573903e-06, -1.3997245e-06, 1.9897702e-06, -0.91497904, -0.4035015, -6.5230915e-07, -0.4035015, 0.91497904, 2.30968e-07, 0.043133378, -1.8293195)
joint_type = 1
joint_offset = Transform3D(1, 0, 0, 0, 1, 0, 0, 0, 1, 3.338817e-08, -3.5304576e-05, 0.14119554)
body_offset = Transform3D(-1, -1.5573904e-06, -1.3997244e-06, 6.523092e-07, 0.40350157, -0.9149792, 1.9897705e-06, -0.91497916, -0.4035015, 2.30968e-07, 0.12920523, 0.05694031)
bone_name = "mixamorig_Head"
joint_constraints/bias = 0.3
joint_constraints/damping = 1.0
joint_constraints/impulse_clamp = 0.0

[node name="CollisionShape3D" type="CollisionShape3D" parent="Armature/Skeleton3D/PhysicalBoneSimulator3D2/Physical Bone mixamorig_Head" index="0" unique_id=2133062411]
transform = Transform3D(1, 0, 0, 0, 0, 1, 0, -1, 0, 0, 0, 0)
shape = SubResource("CapsuleShape3D_3id8x")

[node name="Physical Bone mixamorig_LeftShoulder" type="PhysicalBone3D" parent="Armature/Skeleton3D/PhysicalBoneSimulator3D2" index="6" unique_id=83801570]
transform = Transform3D(-0.015492302, -0.32757565, -0.9446979, -0.99549973, 0.09339352, -0.016058948, 0.09348918, 0.9401978, -0.32754835, 0.1608513, -0.034005307, -1.5928869)
joint_type = 1
joint_offset = Transform3D(1, 0, 0, 0, 1, 0, 0, 0, 1, -8.540337e-08, -8.709984e-07, 0.084589)
body_offset = Transform3D(1.0000005, -2.7492642e-06, -2.2351742e-07, -2.7008355e-07, 6.5681525e-07, -1.0000001, 2.8014183e-06, 1.0000005, 4.3190084e-07, 1.0430813e-07, 0.084589005, 8.34465e-07)
bone_name = "mixamorig_LeftShoulder"
joint_constraints/bias = 0.3
joint_constraints/damping = 1.0
joint_constraints/impulse_clamp = 0.0

[node name="CollisionShape3D" type="CollisionShape3D" parent="Armature/Skeleton3D/PhysicalBoneSimulator3D2/Physical Bone mixamorig_LeftShoulder" index="0" unique_id=603097505]
transform = Transform3D(1, 0, 0, 0, 0, 1, 0, -1, 0, 0, 0, 0)
shape = SubResource("CapsuleShape3D_hg0r3")

[node name="Physical Bone mixamorig_LeftArm" type="PhysicalBone3D" parent="Armature/Skeleton3D/PhysicalBoneSimulator3D2" index="7" unique_id=1395864913]
transform = Transform3D(0.11564425, -0.8722551, -0.4751816, -0.95095086, -0.23540753, 0.20068838, -0.28691277, 0.42866588, -0.85669523, 0.3039332, -0.059325803, -1.4512929)
joint_type = 1
joint_offset = Transform3D(1, 0, 0, 0, 1, 0, 0, 0, 1, 9.7065374e-08, -3.367569e-08, 0.13293773)
body_offset = Transform3D(1.0000005, 6.109476e-07, -7.301569e-07, -7.748604e-07, 4.8428774e-07, -1.0000005, -4.7683716e-07, 1.0000004, 2.5331974e-07, 0, 0.13293779, 0)
bone_name = "mixamorig_LeftArm"
joint_constraints/bias = 0.3
joint_constraints/damping = 1.0
joint_constraints/impulse_clamp = 0.0

[node name="CollisionShape3D" type="CollisionShape3D" parent="Armature/Skeleton3D/PhysicalBoneSimulator3D2/Physical Bone mixamorig_LeftArm" index="0" unique_id=944869811]
transform = Transform3D(1, 0, 0, 0, 0, 1, 0, -1, 0, 0, 0, 0)
shape = SubResource("CapsuleShape3D_rk1fl")

[node name="Physical Bone mixamorig_LeftForeArm" type="PhysicalBone3D" parent="Armature/Skeleton3D/PhysicalBoneSimulator3D2" index="8" unique_id=815154770]
transform = Transform3D(0.25550085, -0.9230552, -0.28755593, -0.9667462, -0.2473082, -0.06511894, -0.011006568, 0.29463154, -0.95554763, 0.40887526, -0.07654495, -1.1985948)
joint_type = 1
joint_offset = Transform3D(1, 0, 0, 0, 1, 0, 0, 0, 1, 1.630057e-07, -2.9009996e-07, 0.14526848)
body_offset = Transform3D(1.0000004, 1.3411045e-07, -5.066395e-07, -4.8428774e-07, 4.8428774e-07, -1.0000005, 4.4703484e-08, 1.0000004, 3.5576522e-07, -8.940697e-08, 0.14526856, 2.3841858e-07)
bone_name = "mixamorig_LeftForeArm"
joint_constraints/bias = 0.3
joint_constraints/damping = 1.0
joint_constraints/impulse_clamp = 0.0

[node name="CollisionShape3D" type="CollisionShape3D" parent="Armature/Skeleton3D/PhysicalBoneSimulator3D2/Physical Bone mixamorig_LeftForeArm" index="0" unique_id=1650062370]
transform = Transform3D(1, 0, 0, 0, 0, 1, 0, -1, 0, 0, 0, 0)
shape = SubResource("CapsuleShape3D_pqmva")

[node name="Physical Bone mixamorig_RightShoulder" type="PhysicalBone3D" parent="Armature/Skeleton3D/PhysicalBoneSimulator3D2" index="9" unique_id=1009457404]
transform = Transform3D(-0.049204018, 0.32423028, 0.94469774, 0.994435, 0.10412088, 0.016059164, -0.09315588, 0.9402306, -0.32754913, -0.16085213, -0.039439023, -1.5928875)
joint_type = 1
joint_offset = Transform3D(1, 0, 0, 0, 1, 0, 0, 0, 1, -1.3707758e-08, 2.2225858e-08, 0.08458959)
body_offset = Transform3D(1, 1.4156103e-07, 1.6205013e-07, 2.6077032e-08, -2.4423935e-07, -1.0000001, 0, 1.0000002, -2.6274938e-07, 0, 0.0845896, 0)
bone_name = "mixamorig_RightShoulder"
joint_constraints/bias = 0.3
joint_constraints/damping = 1.0
joint_constraints/impulse_clamp = 0.0

[node name="CollisionShape3D" type="CollisionShape3D" parent="Armature/Skeleton3D/PhysicalBoneSimulator3D2/Physical Bone mixamorig_RightShoulder" index="0" unique_id=910908571]
transform = Transform3D(1, 0, 0, 0, 0, 1, 0, -1, 0, 0, 0, 0)
shape = SubResource("CapsuleShape3D_o357f")

[node name="Physical Bone mixamorig_RightArm" type="PhysicalBone3D" parent="Armature/Skeleton3D/PhysicalBoneSimulator3D2" index="10" unique_id=1229367093]
transform = Transform3D(0.056405134, 0.87604946, 0.4789112, 0.9759587, -0.14952679, 0.15857588, 0.21053034, 0.45845306, -0.86342216, -0.3039333, -0.061714098, -1.4512929)
joint_type = 1
joint_offset = Transform3D(1, 0, 0, 0, 1, 0, 0, 0, 1, 1.5033736e-07, 4.6383832e-08, 0.1319023)
body_offset = Transform3D(1.0000002, -8.940697e-08, -4.61936e-07, -4.3213367e-07, -1.1585653e-06, -1.0000002, 3.1292439e-07, 1.0000002, -1.2554228e-06, -8.940697e-08, 0.13190234, 1.1920929e-07)
bone_name = "mixamorig_RightArm"
joint_constraints/bias = 0.3
joint_constraints/damping = 1.0
joint_constraints/impulse_clamp = 0.0

[node name="CollisionShape3D" type="CollisionShape3D" parent="Armature/Skeleton3D/PhysicalBoneSimulator3D2/Physical Bone mixamorig_RightArm" index="0" unique_id=482609491]
transform = Transform3D(1, 0, 0, 0, 0, 1, 0, -1, 0, 0, 0, 0)
shape = SubResource("CapsuleShape3D_p7vx4")

[node name="Physical Bone mixamorig_RightForeArm" type="PhysicalBone3D" parent="Armature/Skeleton3D/PhysicalBoneSimulator3D2" index="11" unique_id=1189687513]
transform = Transform3D(0.17170645, 0.9421893, 0.28774336, 0.98512465, -0.16219722, -0.056758154, -0.0068057533, 0.29320884, -0.9560242, -0.40887582, -0.074390516, -1.1985942)
joint_type = 1
joint_offset = Transform3D(1, 0, 0, 0, 1, 0, 0, 0, 1, 4.816285e-09, -6.2744734e-06, 0.14519508)
body_offset = Transform3D(1.0000001, 2.2351742e-07, -2.3841858e-07, -2.2724271e-07, 4.308019e-05, -1.0000004, 0, 1.0000001, 4.2803586e-05, 2.9802322e-08, 0.14519513, 5.9604645e-08)
bone_name = "mixamorig_RightForeArm"
joint_constraints/bias = 0.3
joint_constraints/damping = 1.0
joint_constraints/impulse_clamp = 0.0

[node name="CollisionShape3D" type="CollisionShape3D" parent="Armature/Skeleton3D/PhysicalBoneSimulator3D2/Physical Bone mixamorig_RightForeArm" index="0" unique_id=393228455]
transform = Transform3D(1, 0, 0, 0, 0, 1, 0, -1, 0, 0, 0, 0)
shape = SubResource("CapsuleShape3D_6s3qk")

[node name="Physical Bone mixamorig_LeftUpLeg" type="PhysicalBone3D" parent="Armature/Skeleton3D/PhysicalBoneSimulator3D2" index="12" unique_id=487033745]
